$ 1 0.000005 3.046768661252054 42 120 15
v 32 320 32 80 0 1 60 169.7056274847714 0 0 0.5
r 480 80 480 320 0 150
w 32 80 80 80 0
S 336 176 240 176 0 0 false 2 2
S 336 240 240 240 0 0 false 2 2
w 432 80 480 80 0
w 32 320 80 320 0
w 80 320 480 320 0
w 208 256 240 256 0
w 208 160 240 160 0
w 240 192 240 224 0
S 80 208 176 208 0 0 false 0 2
w 80 80 80 208 0
w 176 224 240 224 0
w 208 160 208 192 0
w 176 192 208 192 0
w 208 192 208 256 0
S 432 208 336 208 0 0 false 0 2
w 336 176 336 192 0
w 336 224 336 240 0
w 432 80 432 208 0
