$ 3 0.000005 5.023272298708815 64 7 50 5e-11
a 288 168 384 168 9 10 0 1000000 6.35085923074561 3.333333333333333 100000
a 288 264 384 264 9 10 0 1000000 6.666666666666666 6.35085923074561 100000
r 240 56 240 104 0 5000
r 240 104 240 152 0 5000
w 240 152 240 280 0
r 240 280 240 328 0 5000
w 240 152 288 152 0
w 240 104 272 104 0
w 272 104 272 280 0
w 272 280 288 280 0
w 464 176 464 192 0
w 384 184 384 192 0
w 384 192 464 240 0
w 464 240 464 256 0
w 384 240 384 248 0
w 384 240 464 192 0
R 240 56 240 16 0 0 40 10 0 0 0.5
R 88 56 88 24 0 0 40 10 0 0 0.5
r 88 56 88 120 0 10000
r 88 120 88 184 0 10000
w 88 120 216 120 0
w 216 120 216 352 0
w 88 184 88 248 0
c 88 248 88 352 0 3e-7 6.35085923074561 0.001
g 88 352 88 368 0 0
r 384 368 464 368 0 10000
w 464 176 496 176 0
w 464 368 496 368 0
153 384 256 464 256 1 2 10 10
153 384 176 464 176 1 2 0 10
w 496 176 496 368 0
O 560 176 616 176 0 0
w 88 184 288 184 0
w 88 248 288 248 0
t 328 368 296 368 0 1 -8.175429449863842 8.275448055159956e-8 100 default
w 216 352 296 352 0
g 296 384 296 408 0 0
w 328 368 384 368 0
x 120 115 189 118 4 16 discharge
x 129 178 174 181 4 16 trigger
x 120 242 185 245 4 16 threshold
w 272 104 272 32 0
x 272 22 320 25 4 16 control
b 562 390 200 40 0
w 240 328 240 384 0
w 240 384 296 384 0
I 496 176 560 176 0 0.5 10
o 23 16 0 4099 10 0.0015625 0 2 23 3
o 31 32 0 4106 5 0.00009765625 1 1
