$ 1 0.000005 10.20027730826997 69 10 50
165 224 144 272 144 4 0
w 224 176 192 176 0
r 192 176 192 240 0 150000
w 192 240 224 240 0
w 192 240 192 272 0
w 192 272 224 272 0
w 192 272 192 352 0
c 192 352 192 400 0 1e-7 0.001
g 192 400 192 416 0
r 192 352 304 352 0 10000
d 352 352 304 352 2 default
w 352 208 352 352 0
R 288 112 288 80 0 0 40 10 0 0 0.5
O 352 208 416 208 0
g 320 304 320 320 0
w 288 112 352 112 0
w 352 112 352 176 0
o 7 16 0 4099 10 0.0015625 0 2 7 3
o 13 64 0 4106 10 0.00009765625 1 1
