$ 1 0.000005 10.20027730826997 56 5 50
165 336 176 448 176 4 4.999999950000001
w 336 208 336 304 0
w 336 208 304 208 0
w 304 208 304 304 0
c 304 304 304 368 0 0.000009999999999999999 1.0290164598808074
g 304 368 304 384 0
r 304 208 304 144 0 1000
w 304 144 400 144 0
O 464 240 528 240 0
R 304 144 304 96 0 0 40 5 0 0 0.5
t 208 336 256 336 0 -1 0 -0.631032106406004 100
w 256 320 256 304 0
r 256 304 304 304 0 100
w 256 352 256 368 0
w 256 368 304 368 0
w 208 272 208 336 0
152 96 272 208 272 0 2 0 5
R 96 288 96 336 0 2 60 2.5 2.5 0 0.5
L 96 256 96 208 0 0 false 5 0
w 208 272 336 272 0
w 400 144 464 144 0
w 464 144 464 208 0
g 432 336 432 352 0
o 19 64 0 4102 5 0.00009765625 0 2 19 3 input
o 8 64 0 4102 5 0.00009765625 0 1 output
