$ 1 5.0E-6 10 56 5.0 50
165 208 144 320 144 0 0.0
w 208 176 208 272 0
w 208 176 176 176 0
w 208 240 128 240 0
w 176 176 176 272 0
c 176 272 176 320 0 9.999999999999999E-6 0.04950495049504963
g 176 320 176 336 0
r 176 176 176 112 0 1000.0
w 176 112 272 112 0
R 128 112 48 112 0 0 40.0 5.0 0.0
O 336 208 400 208 0
r 128 112 128 240 0 100.0
w 128 112 176 112 0
c 128 240 80 240 0 1.0E-5 0.7835212122555424
L 80 240 48 240 0 false true 5.0 0.0
o 14 64 0 6 5.0 9.765625E-5 0
o 10 64 0 6 5.0 9.765625E-5 0
h 2 7 5
