$ 1 5.0E-6 16.817414165184545 66 15.0 50
r 240 112 240 48 0 39000.0
r 192 128 192 48 0 27000.0
r 192 128 192 208 0 120000.0
w 192 48 240 48 0
R 192 48 144 48 0 0 40.0 15.0 0.0 0.0 0.5
w 240 144 240 208 1
g 192 208 192 224 0
w 240 208 240 272 0
w 240 272 240 304 0
w 240 304 240 368 0
c 240 368 240 400 0 2.0E-7 5.858523256602457
g 240 400 240 416 0
r 240 208 288 208 0 10000.0
w 288 272 240 272 0
w 240 304 288 304 0
w 240 48 352 48 0
w 352 48 352 144 0
O 240 368 468 368 0
t 192 128 240 128 0 -1 6.398899615692838 -0.5042009986318234 100.0
165 288 176 304 176 2 15.0
w 352 48 416 48 0
w 416 48 416 208 0
o 17 64 0 42 11.0 9.765625E-5 0 -1
