$ 3 0.000005 2.803162489452614 50 5 50
165 160 208 168 208 5 0.000004810180428194144
w 160 224 152 224 0
w 152 224 152 272 0
w 152 272 160 272 0
c 152 272 152 336 0 0.000002 0.04950495049504952
w 152 224 152 192 0
r 152 192 152 136 0 1000
r 112 192 112 136 0 100
w 112 192 112 256 0
w 112 256 160 256 0
c 112 256 72 256 0 0.00001 0.00001822381251326277
L 72 256 48 256 0 1 true 5 0
w 112 136 152 136 0
w 152 136 192 136 0
w 192 136 192 192 0
R 112 136 48 136 0 0 40 5 0 0 0.5
g 152 336 152 352 0
w 224 240 224 256 0
c 224 256 272 256 0 0.00001 -4.999514171776962
w 272 256 272 192 0
r 272 136 272 192 0 100
r 312 136 312 192 0 1000
w 192 136 272 136 0
w 272 136 312 136 0
165 320 208 352 208 5 0.000041850567181001
w 352 192 352 136 0
w 352 136 312 136 0
w 312 224 320 224 0
w 312 192 312 224 0
w 312 224 312 272 0
w 312 272 320 272 0
w 272 256 320 256 0
c 312 272 312 336 0 0.000002 0.04950495049504952
g 312 336 312 352 0
w 384 240 384 256 0
c 384 256 432 256 0 0.00001 -4.995773092714949
w 432 256 432 192 0
r 432 192 432 136 0 100
r 472 136 472 192 0 1000
w 352 136 432 136 0
w 432 136 472 136 0
165 480 208 488 208 5 0
w 472 192 472 224 0
w 472 224 480 224 0
w 472 224 472 272 0
w 472 272 480 272 0
w 512 192 512 136 0
w 512 136 472 136 0
w 432 256 480 256 0
c 472 272 472 336 0 0.000002 0.04950495049504952
g 472 336 472 352 0
M 224 256 224 328 0 2.5
M 384 256 384 328 0 2.5
M 544 240 584 240 0 2.5
w 192 192 224 192 0
w 224 192 224 224 0
w 352 192 384 192 0
w 384 192 384 224 0
w 512 192 544 192 0
w 544 192 544 224 0
g 208 288 208 296 0
g 368 288 368 296 0
g 528 288 528 296 0
o 11 16 0 4102 5.1 0.0015625 0 2 11 3
o 51 16 0 4102 5.1 0.000048828125 0 1
o 52 16 0 4102 5.1 0.00009765625 0 1
o 53 16 0 4102 5.1 0.00009765625 0 1
