$ 3 0.000005 0.41233529972698213 50 5 50 5e-11
157 880 232 1000 232 0 7 0 0
w 680 -160 704 -160 0
w 632 -160 656 -160 0
w 584 -160 608 -160 0
I 680 -160 680 -112 0 0.5 5
I 632 -160 632 -112 0 0.5 5
I 584 -160 584 -112 0 0.5 5
I 536 -160 536 -112 0 0.5 5
L 680 -160 680 -184 2 0 false 5 0
L 632 -160 632 -184 2 1 false 5 0
L 584 -160 584 -184 2 1 false 5 0
L 536 -160 536 -184 2 0 false 5 0
w 536 -160 560 -160 0
151 1072 -24 1072 24 1 4 5 5
151 976 -24 976 24 1 4 5 5
151 928 -24 928 24 1 4 5 5
151 1024 -24 1024 24 1 4 5 5
151 880 -24 880 24 1 4 5 5
151 784 -24 784 24 1 4 0 5
151 832 -24 832 24 1 4 5 5
150 784 168 784 216 1 4 5 5
150 728 168 728 216 1 6 0 5
150 624 168 624 216 1 5 5 5
150 672 168 672 216 1 4 5 5
150 512 168 512 216 1 5 5 5
150 568 168 568 216 1 6 5 5
150 464 168 464 216 1 4 5 5
w 216 40 608 40 0
w 264 48 664 48 0
w 360 64 448 64 0
w 456 80 616 80 0
w 408 72 752 72 0
w 1088 -24 1088 -40 0
w 1080 -24 1080 -56 0
w 1064 -24 1064 -72 0
w 1056 -24 1056 -88 0
w 560 -160 560 -96 0
w 608 -160 608 -80 0
w 656 -160 656 -64 0
w 704 -160 704 -48 0
w 536 -112 536 -88 0
w 584 -112 584 -72 0
w 632 -112 632 -56 0
w 680 -112 680 -40 0
w 1016 -72 1064 -72 0
w 720 -24 720 -88 0
w 768 -24 768 -88 0
w 816 -24 816 -88 0
w 864 -24 864 -88 0
w 912 -24 912 -88 0
w 960 -24 960 -88 0
w 728 -24 728 -80 0
w 776 -24 776 -80 0
w 824 -24 824 -80 0
151 736 -24 736 24 1 4 5 5
w 1008 -24 1008 -88 0
w 536 -88 720 -88 0
w 720 -88 768 -88 0
w 768 -88 816 -88 0
w 816 -88 864 -88 0
w 864 -88 912 -88 0
w 912 -88 960 -88 0
w 960 -88 1008 -88 0
w 1008 -88 1056 -88 0
w 872 -24 872 -80 0
w 920 -24 920 -72 0
w 968 -24 968 -72 0
w 1016 -24 1016 -72 0
w 608 -80 728 -80 0
w 728 -80 776 -80 0
w 776 -80 824 -80 0
w 824 -80 872 -80 0
w 584 -72 920 -72 0
w 920 -72 968 -72 0
w 968 -72 1016 -72 0
w 1040 -24 1040 -48 0
w 992 -24 992 -40 0
w 944 -24 944 -48 0
w 896 -24 896 -40 0
w 848 -24 848 -48 0
w 800 -24 800 -40 0
w 752 -24 752 -48 0
w 1032 -24 1032 -56 0
w 984 -24 984 -64 0
w 936 -24 936 -64 0
w 888 -24 888 -56 0
w 840 -24 840 -56 0
w 792 -24 792 -64 0
w 744 -24 744 -64 0
w 656 -64 744 -64 0
w 744 -64 792 -64 0
w 792 -64 936 -64 0
w 936 -64 984 -64 0
w 632 -56 840 -56 0
w 840 -56 888 -56 0
w 888 -56 1032 -56 0
w 1032 -56 1080 -56 0
w 704 -48 752 -48 0
w 752 -48 848 -48 0
w 848 -48 944 -48 0
w 944 -48 1040 -48 0
w 680 -40 800 -40 0
w 800 -40 896 -40 0
w 896 -40 992 -40 0
w 992 -40 1088 -40 0
w 224 -24 224 -64 0
w 272 -24 272 -64 0
w 320 -24 320 -56 0
w 368 -24 368 -56 0
w 416 -24 416 -64 0
w 464 -24 464 -64 0
w 512 -24 512 -56 0
w 232 -24 232 -48 0
w 280 -24 280 -40 0
w 328 -24 328 -48 0
w 376 -24 376 -40 0
w 424 -24 424 -48 0
w 472 -24 472 -40 0
w 520 -24 520 -48 0
w 496 -24 496 -72 0
w 448 -24 448 -72 0
w 400 -24 400 -72 0
w 352 -24 352 -80 0
151 216 -24 216 24 1 4 5 5
w 304 -24 304 -80 0
w 256 -24 256 -80 0
w 208 -24 208 -80 0
151 312 -24 312 24 1 4 5 5
151 264 -24 264 24 1 4 5 5
151 360 -24 360 24 1 4 5 5
151 504 -24 504 24 1 4 5 5
151 408 -24 408 24 1 4 5 5
151 456 -24 456 24 1 4 5 5
w 488 -24 488 -96 0
w 440 -24 440 -96 0
w 392 -24 392 -96 0
w 344 -24 344 -96 0
w 296 -24 296 -96 0
w 248 -24 248 -96 0
w 200 -24 200 -96 0
w 560 -96 488 -96 0
w 488 -96 440 -96 0
w 440 -96 392 -96 0
w 392 -96 344 -96 0
w 344 -96 296 -96 0
w 296 -96 248 -96 0
w 248 -96 200 -96 0
w 608 -80 352 -80 0
w 352 -80 304 -80 0
w 304 -80 256 -80 0
w 256 -80 208 -80 0
w 584 -72 496 -72 0
w 496 -72 448 -72 0
w 448 -72 400 -72 0
w 656 -64 464 -64 0
w 464 -64 416 -64 0
w 416 -64 272 -64 0
w 272 -64 224 -64 0
w 632 -56 512 -56 0
w 512 -56 368 -56 0
w 368 -56 320 -56 0
w 704 -48 520 -48 0
w 520 -48 424 -48 0
w 424 -48 328 -48 0
w 328 -48 232 -48 0
w 680 -40 472 -40 0
w 472 -40 376 -40 0
w 376 -40 280 -40 0
w 480 152 1072 152 0
w 1072 24 1072 152 0
w 1024 24 1024 144 0
w 976 24 976 136 0
w 928 24 928 128 0
w 880 24 880 120 0
w 832 24 832 112 0
w 784 24 784 104 0
w 736 24 736 96 0
w 504 24 504 88 0
w 456 24 456 80 0
w 408 24 408 72 0
w 360 24 360 64 0
w 312 24 312 56 0
w 264 24 264 48 0
w 216 24 216 40 0
w 800 168 800 144 0
w 792 168 792 120 0
w 776 168 776 72 0
w 768 168 768 56 0
w 792 120 880 120 0
w 800 144 1024 144 0
w 784 216 784 232 0
w 880 232 784 232 0
w 736 168 736 112 0
w 744 168 744 104 0
w 752 168 752 72 0
w 704 168 704 40 0
w 712 168 712 48 0
w 720 168 720 64 0
w 752 72 776 72 0
w 736 112 832 112 0
w 744 104 784 104 0
w 880 264 728 264 0
w 728 264 728 216 0
w 688 168 688 136 0
w 680 168 680 64 0
w 664 168 664 48 0
w 656 168 656 40 0
w 640 168 640 144 0
w 624 168 624 96 0
w 608 168 608 40 0
w 616 168 616 80 0
w 880 296 672 296 0
w 672 296 672 216 0
w 608 40 656 40 0
w 656 40 704 40 0
w 664 48 712 48 0
w 680 64 720 64 0
w 624 96 736 96 0
w 688 136 976 136 0
w 640 144 800 144 0
w 880 328 624 328 0
w 624 328 624 216 0
w 592 168 592 144 0
w 584 168 584 128 0
w 576 168 576 120 0
w 560 168 560 112 0
w 552 168 552 96 0
w 544 168 544 88 0
w 944 360 568 360 0
w 568 360 568 216 0
w 976 360 976 384 0
w 976 384 512 384 0
w 512 384 512 216 0
w 1008 360 1008 408 0
w 1008 408 464 408 0
w 464 408 464 216 0
w 528 168 528 144 0
w 520 168 520 136 0
w 512 168 512 128 0
w 504 168 504 96 0
w 496 168 496 56 0
w 480 168 480 152 0
w 472 168 472 144 0
w 456 168 456 96 0
w 448 168 448 64 0
w 472 144 528 144 0
w 528 144 592 144 0
w 592 144 640 144 0
w 520 136 688 136 0
w 512 128 584 128 0
w 584 128 928 128 0
w 632 120 792 120 0
w 560 112 736 112 0
w 456 96 504 96 0
w 504 96 552 96 0
w 552 96 624 96 0
w 544 88 504 88 0
w 448 64 680 64 0
w 496 56 768 56 0
w 632 168 632 120 0
w 632 120 576 120 0
w 496 56 312 56 0
