$ 3 0.000015625 19.867427341514983 50 5 50
w 360 352 344 352 0
w 296 288 296 352 0
w 400 360 400 352 0
w 400 352 400 288 0
c 296 352 344 352 0 8.225799562600603e-9 0.653372544901047
c 296 288 344 288 0 1.0000000000000002e-8 -0.9034042058884145
r 344 288 344 352 0 74085.95032247386
w 344 288 400 288 0
r 248 352 296 352 0 3886.711252972604
r 296 352 296 440 0 915.334604781065
g 296 440 296 456 0
a 360 360 400 360 2 15 -15 1000000 -0.000015567611831776298 0
g 360 368 360 456 0
w 512 352 496 352 0
w 448 288 448 352 0
w 552 360 552 352 0
w 552 352 552 288 0
c 448 352 496 352 0 6.375888247802887e-8 -0.9273135784806995
c 448 288 496 288 0 1.0000000000000002e-7 -2.386628916664559
r 496 288 496 352 0 3999.2025003549047
w 496 288 552 288 0
r 400 352 448 352 0 1557.0739026029823
r 448 352 448 440 0 277.11445523587577
g 448 440 448 456 0
a 512 360 552 360 2 15 -15 1000000 -0.000014593007451764077 0
g 512 368 512 456 0
w 664 352 648 352 0
w 600 288 600 352 0
w 704 360 704 352 0
w 704 352 704 288 0
c 600 352 648 352 0 6.375888247802931e-8 0.137688158832169
c 600 288 648 288 0 1.0000000000000002e-7 1.7908094467281948
r 648 288 648 352 0 4951.140311626695
w 648 288 704 288 0
r 552 352 600 352 0 1927.7071782875219
r 600 352 600 440 0 343.0765384176109
g 600 440 600 456 0
a 664 360 704 360 2 15 -15 1000000 0.00001653104756848457 0
g 664 368 664 456 0
w 816 352 800 352 0
w 752 288 752 352 0
w 856 360 856 352 0
w 856 352 856 288 0
c 752 352 800 352 0 8.225799562599964e-8 0.01974398408200153
c 752 288 800 288 0 1.0000000000000002e-7 -0.1628979426610194
r 800 288 800 352 0 12185.866765930688
w 800 288 856 288 0
r 704 352 752 352 0 5499.813446801384
r 752 352 752 440 0 124.61985392686236
g 752 440 752 456 0
a 816 360 856 360 2 15 -15 1000000 -0.000001826401003420175 0
g 816 368 816 456 0
n 248 352 208 352 0 1 40 5 0 0 0.5
211 856 352 920 352 0 1 8000 1
o 53 1 0 3106 5 0.00009765625 0 -1 0
