$ 3 0.000015625 5.023272298708815 47 5 50
a 440 336 480 336 3 15 -15 1000000 0.6084879231347138 0.6084940080139452
w 440 344 440 392 0
w 440 392 480 392 0
w 440 328 424 328 0
c 424 392 424 448 0 1.0000000000000002e-7 0.6084940080139452
w 424 328 424 392 0
r 424 328 376 328 0 411.92330394390353
r 376 328 328 328 0 411.92330394390353
g 424 448 424 464 0
c 376 280 480 280 0 0.000001492820323027553 -0.09066911891265983
w 376 280 376 328 0
w 480 336 480 328 0
w 480 328 480 280 0
w 480 392 480 336 0
a 592 336 632 336 3 15 -15 1000000 0.2011928889225762 0.20119490085146544
w 592 344 592 392 0
w 592 392 632 392 0
w 592 328 576 328 0
c 576 392 576 448 0 0.0000010000000000000002 0.20119490085146544
w 576 328 576 392 0
r 576 328 528 328 0 112.53953951963823
r 528 328 480 328 0 112.53953951963823
g 576 448 576 464 0
c 528 280 632 280 0 0.0000020000000000000008 0.2266803321290919
w 528 280 528 328 0
w 632 336 632 328 0
w 632 328 632 280 0
w 632 392 632 336 0
a 744 336 784 336 3 15 -15 1000000 -0.18847472669841367 -0.18847661144568065
w 744 344 744 392 0
w 744 392 784 392 0
w 744 328 728 328 0
c 728 392 728 448 0 0.0000010000000000000002 -0.18847661144568065
w 728 328 728 392 0
r 728 328 680 328 0 153.73186991402866
r 680 328 632 328 0 153.73186991402866
g 728 448 728 464 0
c 680 280 784 280 0 0.0000010717967697244907 0.1317208305472644
w 680 280 680 328 0
w 784 336 784 328 0
w 784 328 784 280 0
w 784 392 784 336 0
n 328 328 288 328 0 1 40 5 0 0 0.5
211 784 336 864 336 0 1 8000 1
o 43 2 0 3106 5 0.00009765625 0 -1 0
