$ 0 0.000005 0.26073472713092677 50 5 50 5e-11
150 1088 384 1088 464 0 3 0 5
150 1024 384 1024 464 0 3 0 5
150 960 384 960 464 0 2 0 5
150 896 384 896 464 0 2 0 5
I 992 176 992 256 0 0.5 5
w 992 256 992 384 0
w 1104 384 1104 176 0
w 1008 384 992 384 0
w 992 384 976 384 0
w 1088 384 1088 352 0
w 1040 384 1040 368 0
w 1040 368 1072 368 0
w 1072 368 1072 384 0
w 1024 384 1024 336 0
w 944 384 944 320 0
w 912 304 912 384 0
w 880 384 880 176 0
w 880 176 992 176 0
w 992 176 1104 176 0
150 848 384 848 464 0 1 0 5
w 1040 368 848 368 0
w 848 368 848 384 0
w 848 368 848 144 0
207 848 144 848 96 4 A3
207 1104 176 1104 96 4 B3
207 768 176 768 96 4 B2
207 512 144 512 96 4 A2
w 512 368 512 144 0
w 512 368 512 384 0
w 704 368 512 368 0
150 512 384 512 464 0 1 5 5
w 656 176 768 176 0
w 544 176 656 176 0
w 544 384 544 176 0
w 576 304 576 384 0
w 608 384 608 320 0
w 688 384 688 336 0
w 736 368 736 384 0
w 704 368 736 368 0
w 704 384 704 368 0
w 752 384 752 352 0
w 656 384 640 384 0
w 672 384 656 384 0
w 768 384 768 176 0
w 656 256 656 384 0
I 656 176 656 256 0 0.5 5
150 560 384 560 464 0 2 0 5
150 624 384 624 464 0 2 0 5
150 688 384 688 464 0 3 0 5
150 752 384 752 464 0 3 0 5
207 432 176 432 96 4 B1
207 176 144 176 96 4 A1
w 176 368 176 144 0
w 176 368 176 384 0
w 368 368 176 368 0
150 176 384 176 464 0 1 0 5
w 320 176 432 176 0
w 208 176 320 176 0
w 208 384 208 176 0
w 240 304 240 384 0
w 272 384 272 320 0
w 352 384 352 336 0
w 400 368 400 384 0
w 368 368 400 368 0
w 368 384 368 368 0
w 416 384 416 352 0
w 320 384 304 384 0
w 336 384 320 384 0
w 432 384 432 176 0
w 320 256 320 384 0
I 320 176 320 256 0 0.5 5
150 224 384 224 464 0 2 5 5
150 288 384 288 464 0 2 0 5
150 352 384 352 464 0 3 0 5
150 416 384 416 464 0 3 0 5
207 96 176 96 96 4 B0
207 -160 144 -160 96 4 A0
w -160 368 -160 144 0
w -160 368 -160 384 0
w 32 368 -160 368 0
150 -160 384 -160 464 0 1 5 5
w -16 176 96 176 0
w -128 176 -16 176 0
w -128 384 -128 176 0
w -96 304 -96 384 0
w -64 384 -64 320 0
w 16 384 16 336 0
w 64 368 64 384 0
w 32 368 64 368 0
w 32 384 32 368 0
w 80 384 80 352 0
w -16 384 -32 384 0
w 0 384 -16 384 0
w 96 384 96 176 0
w -16 256 -16 384 0
I -16 176 -16 256 0 0.5 5
150 -112 384 -112 464 0 2 5 5
150 -48 384 -48 464 0 2 0 5
150 16 384 16 464 0 3 0 5
150 80 384 80 464 0 3 5 5
w 1088 352 752 352 0
w 752 352 416 352 0
w 416 352 80 352 0
w 1088 352 1136 352 0
w 912 304 576 304 0
w 944 320 608 320 0
w 1024 336 688 336 0
w 576 304 240 304 0
w 608 320 272 320 0
w 688 336 352 336 0
w 352 336 16 336 0
w 240 304 -96 304 0
w 272 320 -64 320 0
L 1296 112 1344 112 0 0 false 5 0
L 1296 144 1344 144 0 1 false 5 0
L 1296 176 1344 176 0 0 false 5 0
L 1296 208 1344 208 0 1 false 5 0
207 1296 112 1264 112 4 A3
207 1296 144 1264 144 4 A2
207 1296 176 1264 176 4 A1
207 1296 208 1264 208 4 A0
207 1296 352 1264 352 4 B0
207 1296 320 1264 320 4 B1
207 1296 288 1264 288 4 B2
207 1296 256 1264 256 4 B3
L 1296 352 1344 352 0 1 false 5 0
L 1296 320 1344 320 0 1 false 5 0
L 1296 288 1344 288 0 0 false 5 0
L 1296 256 1344 256 0 0 false 5 0
153 1056 464 1056 576 0 2 5 5
153 896 464 896 576 0 3 5 5
w 1088 464 1072 464 0
w 1040 464 1024 464 0
w 960 464 912 464 0
w 880 464 848 464 0
w 544 464 512 464 0
w 624 464 576 464 0
w 704 464 688 464 0
w 752 464 736 464 0
153 560 464 560 576 0 3 0 5
153 720 464 720 576 0 2 5 5
w 208 464 176 464 0
w 288 464 240 464 0
w 368 464 352 464 0
w 416 464 400 464 0
153 224 464 224 576 0 3 0 5
153 384 464 384 576 0 2 5 5
w -128 464 -160 464 0
w -48 464 -96 464 0
w 32 464 16 464 0
w 80 464 64 464 0
153 -112 464 -112 576 0 3 0 5
153 48 464 48 576 0 2 0 5
150 384 736 384 848 0 2 0 5
150 448 736 448 848 0 3 0 5
150 528 736 528 848 0 4 0 5
150 624 736 624 848 0 5 0 5
w 704 592 704 768 0
w 736 864 736 608 0
I 704 768 704 864 0 0.5 5
150 720 864 720 976 0 2 0 5
w 1216 864 1216 848 0
w 1152 864 1216 864 0
w 1008 864 1088 864 0
w 1008 848 1008 864 0
w 1136 848 1136 864 0
w 1136 848 1152 848 0
w 1104 848 1104 864 0
w 1088 848 1104 848 0
153 1120 864 1120 976 0 4 0 5
w 928 592 896 592 0
w 768 704 624 704 0
w 768 704 768 736 0
w 896 704 768 704 0
w 896 736 896 704 0
w 784 672 640 672 0
w 784 672 784 736 0
w 912 672 784 672 0
w 1072 656 448 656 0
w 1072 736 1072 656 0
w 1024 640 1024 736 0
w 1024 640 928 640 0
w 832 608 832 736 0
w 832 608 736 608 0
w 816 640 816 736 0
w 816 640 720 640 0
w 1040 608 1040 736 0
w 1040 608 944 608 0
151 800 736 800 848 0 4 5 5
w 976 688 976 736 0
w 144 688 512 688 0
w 992 672 992 736 0
w 912 672 992 672 0
w 912 736 912 672 0
w 928 640 928 736 0
w 928 640 816 640 0
w 944 608 944 736 0
w 944 608 832 608 0
w 1088 640 1024 640 0
w 1088 736 1088 640 0
w 560 624 560 576 0
w 1136 624 560 624 0
w 1136 736 1136 624 0
w 1088 608 1056 608 0
w 1216 592 1216 736 0
w 928 592 1216 592 0
w 1104 608 1088 608 0
w 1104 736 1104 608 0
w 1168 608 1104 608 0
w 1168 736 1168 608 0
150 1216 736 1216 848 0 1 5 5
150 1152 736 1152 848 0 2 0 5
150 1088 736 1088 848 0 3 0 5
150 1008 736 1008 848 0 4 0 5
151 912 736 912 848 0 5 5 5
150 320 864 320 976 0 2 5 5
I 304 768 304 864 0 0.5 5
w 336 864 336 640 0
150 224 736 224 848 0 4 0 5
150 144 736 144 848 0 3 0 5
150 80 736 80 848 0 2 0 5
w 16 864 16 672 0
I -16 768 -16 864 0 0.5 5
150 0 864 0 976 0 2 5 5
150 -80 736 -80 848 0 3 0 5
150 -144 736 -144 848 0 2 0 5
150 -208 864 -208 976 0 2 0 5
I -224 768 -224 864 0 0.5 5
w -192 864 -192 704 0
w 1056 576 1056 608 0
w 1056 608 1040 608 0
w 896 592 896 576 0
w 896 592 704 592 0
w 720 640 720 576 0
w 560 624 400 624 0
w 304 624 304 768 0
w 720 640 656 640 0
w 656 640 656 736 0
w 656 640 560 640 0
w 560 640 560 736 0
w 560 640 464 640 0
w 464 640 464 736 0
w 464 640 336 640 0
w 400 624 304 624 0
w 400 624 400 736 0
w 208 720 608 720 0
w 608 672 544 672 0
w 880 736 880 720 0
w 880 720 608 720 0
w 592 736 496 736 0
w 496 736 432 736 0
w 608 720 608 736 0
w 624 704 624 736 0
w 640 736 640 672 0
w 624 704 240 704 0
w 640 672 608 672 0
w 384 672 384 576 0
w 432 736 368 736 0
w 256 736 256 672 0
w 256 672 384 672 0
w 192 736 368 736 0
w 64 736 128 736 0
w 128 736 192 736 0
w 208 736 208 720 0
w 240 736 240 704 0
w -112 576 -112 688 0
w -112 688 -128 688 0
w -224 688 -224 768 0
w -192 704 -80 704 0
w -80 704 -80 736 0
w -160 736 -96 736 0
w -96 736 64 736 0
w -128 736 -128 688 0
w -128 688 -224 688 0
w 144 736 144 688 0
w 144 688 -112 688 0
w 512 736 512 688 0
w 512 688 976 688 0
w -16 656 -16 768 0
w 48 704 48 576 0
w 224 576 224 656 0
w 224 656 96 656 0
w 16 672 160 672 0
w 160 672 160 736 0
w 160 672 256 672 0
w 96 656 -16 656 0
w 96 656 96 736 0
w 48 704 240 704 0
w 48 704 -80 704 0
w -64 736 -64 720 0
w -64 720 208 720 0
151 -288 736 -288 848 0 2 0 5
w -272 736 -160 736 0
154 -272 976 -272 1072 0 2 0 5
w -288 848 -288 976 0
w -256 976 -208 976 0
153 -112 848 -112 976 0 2 5 5
w -144 848 -128 848 0
w -96 848 -80 848 0
153 144 848 144 976 0 3 5 5
w 80 848 128 848 0
w 160 848 224 848 0
154 -96 976 -96 1072 0 2 0 5
154 160 976 160 1072 0 2 0 5
w 176 976 320 976 0
153 496 864 496 976 0 4 5 5
w 448 848 480 848 0
w 480 848 480 864 0
w 384 848 384 864 0
w 384 864 464 864 0
w 512 848 512 864 0
w 512 848 528 848 0
w 528 864 624 864 0
w 624 864 624 848 0
154 512 976 512 1072 0 2 5 5
w 528 976 720 976 0
151 928 976 928 1072 0 2 5 5
w 944 976 1120 976 0
w 912 848 912 976 0
w 448 656 224 656 0
w 448 656 448 736 0
w 544 672 384 672 0
w 544 672 544 736 0
I -272 272 -272 736 0 0.5 5
L -240 144 -240 112 0 0 false 5 0
L -304 720 -304 112 0 1 false 5 0
M 800 848 800 1072 0 2.5
207 512 1072 512 1104 4 F3
207 160 1072 160 1104 4 F2
207 -96 1072 -96 1104 4 F1
207 -272 1072 -272 1104 4 F0
M 1312 400 1344 400 0 2.5
M 1312 432 1344 432 0 2.5
M 1312 464 1344 464 0 2.5
M 1312 496 1344 496 0 2.5
207 1312 400 1264 400 4 F3
207 1312 432 1264 432 4 F2
207 1312 464 1264 464 4 F1
207 1312 496 1264 496 4 F0
M 1120 976 1120 1072 0 2.5
x -250 75 -231 78 4 24 M
w -240 272 -240 144 0
x -318 76 -288 79 6 24 Cn
w -80 976 0 976 0
w -64 720 -304 720 0
w -304 720 -304 736 0
M 928 1072 928 1104 0 2.5
x 791 1118 807 1121 4 24 X
x 897 1144 955 1147 6 24 Cn\p4
x 1113 1126 1129 1129 4 24 Y
w -272 1072 -240 1072 0
150 544 1136 640 1136 0 4 0 5
w 512 1072 544 1072 0
w 544 1072 544 1104 0
w 544 1120 192 1120 0
w 192 1120 192 1072 0
w 192 1072 160 1072 0
w 544 1152 -48 1152 0
w -96 1072 -48 1072 0
w -48 1072 -48 1152 0
w 544 1168 -240 1168 0
w -240 1168 -240 1072 0
M 640 1136 688 1136 0 2.5
x 665 1181 711 1184 4 24 A\qB
w -272 272 -240 272 0
207 1296 640 1264 640 4 S0
207 1296 608 1264 608 4 S1
207 1296 576 1264 576 4 S2
207 1296 544 1264 544 4 S3
L 1296 640 1344 640 0 1 false 5 0
L 1296 608 1344 608 0 0 false 5 0
L 1296 576 1344 576 0 0 false 5 0
L 1296 544 1344 544 0 1 false 5 0
207 912 304 1168 304 4 S0
207 944 320 1168 320 4 S1
207 1024 336 1168 336 4 S2
207 1136 352 1168 352 4 S3
x 1454 318 1505 321 4 24 1100
x 1605 316 1664 319 4 24 A\s\p\sA
x 1454 286 1507 289 4 24 1001
x 1606 284 1665 287 4 24 A\s\p\sB
x 1453 253 1504 256 4 24 0110
x 1599 251 1687 254 4 24 A\s-\sB\s-\s1
x 1454 220 1505 223 4 24 0011
x 1620 219 1641 222 4 24 -1
x 1455 186 1508 189 4 24 0001
x 1606 186 1672 189 4 24 A\sor\sB
x 1627 154 1643 157 4 24 A
x 1455 155 1508 158 4 24 0000
x 1563 119 1753 122 4 24 Output\sat\sF\s(M\q0)
x 1424 121 1541 124 4 24 S3S2S1S0
x 1456 354 1504 357 4 24 1111
x 1609 350 1659 353 4 24 A\s-\s1
x 1423 427 1540 430 4 24 S3S2S1S0
x 1557 426 1747 429 4 24 Output\sat\sF\s(M\q1)
x 1453 457 1506 460 4 24 0000
x 1628 465 1644 468 6 24 A
x 1630 494 1643 497 4 24 0
x 1453 488 1504 491 4 24 0011
x 1598 524 1676 527 4 24 A\sxor\sB
x 1453 520 1504 523 4 24 0110
x 1629 556 1645 559 4 24 B
x 1453 552 1506 555 4 24 1010
x 1597 587 1682 590 4 24 A\sand\sB
x 1452 585 1503 588 4 24 1011
x 1606 617 1672 620 4 24 A\sor\sB
x 1453 614 1502 617 4 24 1110
x 1631 648 1647 651 4 24 A
x 1453 647 1501 650 4 24 1111
423 1554 100 1556 350 0
423 1550 405 1552 655 0
423 1409 436 1761 435 0
423 1411 130 1763 129 0
