$ 1 0.000049999999999999996 10.20027730826997 50 5 50 5e-11
418 304 80 256 80 0 1 40 5 0 0 0.5 pin\s8
418 304 112 256 112 0 1 40 5 0 0 0.5 pin\s9
418 304 144 256 144 0 1 40 5 0 0 0.5 pin\s10
418 304 176 256 176 0 1 40 5 0 0 0.5 pin\s11
418 304 208 256 208 0 1 40 5 0 0 0.5 pin\s12
162 304 80 352 80 2 default-led 1 0 0 0.01
r 352 80 400 80 0 1000
g 400 80 416 80 0 0
g 400 112 416 112 0 0
r 352 112 400 112 0 1000
162 304 112 352 112 2 default-led 1 0 0 0.01
162 304 144 352 144 2 default-led 1 0 0 0.01
r 352 144 400 144 0 1000
g 400 144 416 144 0 0
g 400 176 416 176 0 0
r 352 176 400 176 0 1000
162 304 176 352 176 2 default-led 1 0 0 0.01
162 304 208 352 208 2 default-led 1 0 0 0.01
r 352 208 400 208 0 1000
g 400 208 416 208 0 0
