$ 1 0.000049999999999999996 0.18682459574322224 50 5 50 5e-11
418 304 160 256 160 0 1 40 5 0 0 0.5 pin\s10
418 304 192 256 192 0 1 40 5 0 0 0.5 pin\s11
418 304 224 256 224 0 1 40 5 0 0 0.5 pin\s12
M 304 160 336 160 0 2.5
M 304 192 336 192 0 2.5
M 304 224 336 224 0 2.5
M 304 128 336 128 0 2.5
M 304 96 336 96 0 2.5
418 304 128 256 128 0 1 40 5 0 0 0.5 pin\s9
418 304 96 256 96 0 1 40 5 0 0 0.5 pin\s8
207 304 48 256 48 4 A0
R 304 48 336 48 0 3 40 2.5 2.5 0 0.5
o 7 4 0 4102 5 0.1 0 1
o 6 4 0 4102 5 0.1 0 1
o 3 4 0 4102 5 0.1 0 1
o 4 4 0 4102 5 0.1 0 1
o 5 4 0 4102 5 0.1 0 1
o 11 4 0 4098 5 0.00009765625 1 2 11 3
