$ 1 0.000005 0.34903429574618416 50 5 50 5e-11
! black 0 G1,P1,G2,P2 Go,Po Operator 11?1\q11\n1???\q10\n011A\q1A\n?1?1\q01\n????\q00\n
208 160 496 256 496 0 black 5 0
w -16 672 -16 736 0
w -48 640 -16 640 0
w -48 704 -16 704 0
w -48 640 -48 704 0
154 -16 720 112 720 0 2 0 5
150 -16 656 112 656 0 2 5 5
L -336 -272 -336 -304 0 0 false 5 0
L -304 -272 -304 -304 0 1 false 5 0
L -336 -128 -336 -160 0 1 false 5 0
L -304 -128 -304 -160 0 1 false 5 0
207 -336 -272 -336 -240 4 A1
207 -304 -272 -304 -240 4 A0
207 -336 -128 -336 -96 4 B1
207 -304 -128 -304 -96 4 B0
207 -80 672 -112 672 4 B0
207 -80 640 -112 640 4 A0
w -80 640 -48 640 0
w -80 672 -16 672 0
w -80 528 -16 528 0
w -80 496 -48 496 0
207 -80 496 -112 496 4 A1
207 -80 528 -112 528 4 B1
150 -16 512 112 512 0 2 0 5
154 -16 576 112 576 0 2 5 5
w -48 496 -48 560 0
w -48 560 -16 560 0
w -48 496 -16 496 0
w -16 528 -16 592 0
w 112 720 160 720 0
w 112 656 144 656 0
w 112 496 160 496 0
w 128 528 160 528 0
w 144 656 624 656 0
w 112 512 112 496 0
w 112 576 128 576 0
w 128 576 128 528 0
w 160 720 160 592 0
w 144 560 160 560 0
L -368 -272 -368 -304 0 0 false 5 0
L -368 -128 -368 -160 0 1 false 5 0
w 144 560 144 656 0
207 -368 -272 -368 -240 4 A2
207 -368 -128 -368 -96 4 B2
w 112 576 112 624 0
w 112 624 624 624 0
w 112 336 320 336 0
w 112 288 112 336 0
w 144 272 144 368 0
w 144 272 160 272 0
w 160 432 160 304 0
w 128 288 128 240 0
w 112 288 128 288 0
w 112 224 112 208 0
w 144 368 320 368 0
w 128 240 160 240 0
w 112 208 160 208 0
w 112 368 144 368 0
w 112 432 160 432 0
w -16 240 -16 304 0
w -48 208 -16 208 0
w -48 272 -16 272 0
w -48 208 -48 272 0
154 -16 288 112 288 0 2 5 5
150 -16 224 112 224 0 2 0 5
207 -80 240 -112 240 4 B3
207 -80 208 -112 208 4 A3
w -80 208 -48 208 0
w -80 240 -16 240 0
w -80 384 -16 384 0
w -80 352 -48 352 0
207 -80 352 -112 352 4 A2
207 -80 384 -112 384 4 B2
150 -16 368 112 368 0 2 0 5
154 -16 432 112 432 0 2 5 5
w -48 352 -48 416 0
w -48 416 -16 416 0
w -48 352 -16 352 0
w -16 384 -16 448 0
208 160 208 256 208 0 black 0 5
208 272 208 368 208 0 black 5 0
w 256 496 256 272 0
w 256 528 272 528 0
w 272 528 272 304 0
w 256 272 272 272 0
w 256 208 272 208 0
w 256 240 272 240 0
w 256 -336 272 -336 0
w 256 -368 272 -368 0
w 256 -304 272 -304 0
w 272 -48 272 -272 0
w 256 -48 272 -48 0
w 256 -80 256 -304 0
208 272 -368 368 -368 0 black 0 0
208 160 -368 256 -368 0 black 0 0
w -16 -192 -16 -128 0
w -48 -224 -16 -224 0
w -48 -160 -16 -160 0
w -48 -224 -48 -160 0
154 -16 -144 112 -144 0 2 0 5
150 -16 -208 112 -208 0 2 0 5
207 -80 -192 -112 -192 4 B6
207 -80 -224 -112 -224 4 A6
w -80 -224 -48 -224 0
w -80 -192 -16 -192 0
w -80 -336 -16 -336 0
w -80 -368 -48 -368 0
207 -80 -368 -112 -368 4 A7
207 -80 -336 -112 -336 4 B7
150 -16 -352 112 -352 0 2 0 5
154 -16 -288 112 -288 0 2 0 5
w -48 -368 -48 -304 0
w -48 -304 -16 -304 0
w -48 -368 -16 -368 0
w -16 -336 -16 -272 0
w 112 -144 160 -144 0
w 112 -208 144 -208 0
w 112 -368 160 -368 0
w 128 -336 160 -336 0
w 144 -208 320 -208 0
w 112 -352 112 -368 0
w 112 -288 128 -288 0
w 128 -288 128 -336 0
w 160 -144 160 -272 0
w 144 -304 160 -304 0
w 144 -304 144 -208 0
w 112 48 544 48 0
w 112 0 112 48 0
w 144 -16 144 80 0
w 144 -16 160 -16 0
w 160 144 160 16 0
w 128 0 128 -48 0
w 112 0 128 0 0
w 112 -64 112 -80 0
w 128 -48 160 -48 0
w 112 -80 160 -80 0
w 112 80 144 80 0
w 112 144 160 144 0
w -16 -48 -16 16 0
w -48 -80 -16 -80 0
w -48 -16 -16 -16 0
w -48 -80 -48 -16 0
154 -16 0 112 0 0 2 5 5
150 -16 -64 112 -64 0 2 0 5
207 -80 -48 -112 -48 4 B5
207 -80 -80 -112 -80 4 A5
w -80 -80 -48 -80 0
w -80 -48 -16 -48 0
w -80 96 -16 96 0
w -80 64 -48 64 0
207 -80 64 -112 64 4 A4
207 -80 96 -112 96 4 B4
150 -16 80 112 80 0 2 0 5
154 -16 144 112 144 0 2 5 5
w -48 64 -48 128 0
w -48 128 -16 128 0
w -48 64 -16 64 0
w -16 96 -16 160 0
208 160 -80 256 -80 0 black 0 5
208 384 -368 496 -368 0 black 0 0
w 368 240 384 240 0
w 368 -368 384 -368 0
w 368 -336 384 -336 0
w 368 -304 384 -304 0
208 432 -80 528 -80 0 black 5 0
w 368 -16 432 -16 0
w 384 16 432 16 0
w 256 -80 432 -80 0
w 272 -48 432 -48 0
w 368 -304 368 -16 0
w 368 -16 368 208 0
w 384 -272 384 16 0
w 384 16 384 240 0
208 544 -224 640 -224 0 black 0 0
w 496 -224 544 -224 0
w 528 -48 544 -48 0
w 512 -192 544 -192 0
w 528 -160 528 -80 0
w 544 -128 544 -48 0
w 528 -160 544 -160 0
w 320 -208 496 -208 0
w 496 -208 496 -224 0
w 160 -144 512 -144 0
w 512 -144 512 -192 0
w 512 144 512 96 0
w 160 144 512 144 0
w 496 80 496 64 0
w 144 80 496 80 0
w 528 128 544 128 0
w 544 160 544 240 0
w 528 128 528 208 0
w 512 96 544 96 0
w 496 64 544 64 0
208 544 64 640 64 0 black 5 0
208 544 352 640 352 0 black 5 0
w 496 352 544 352 0
w 512 384 544 384 0
w 528 416 528 496 0
w 544 448 544 528 0
w 528 416 544 416 0
w 320 368 496 368 0
w 496 368 496 352 0
w 160 432 512 432 0
w 512 432 512 384 0
w 256 496 528 496 0
w 368 208 528 208 0
w 384 240 544 240 0
w 272 528 544 528 0
154 624 640 720 640 0 2 0 5
154 640 336 752 336 0 2 0 5
w 448 320 640 320 0
w 320 336 448 336 0
w 512 272 672 272 0
154 672 256 768 256 0 2 0 5
w 640 64 672 64 0
207 -400 -272 -400 -240 4 A3
L -400 -272 -400 -304 0 0 false 5 0
207 -400 -128 -400 -96 4 B3
L -400 -128 -400 -160 0 1 false 5 0
154 640 512 736 512 0 2 0 5
w 528 496 640 496 0
w 512 432 512 560 0
w 512 560 640 560 0
w 640 560 640 528 0
w 448 320 448 336 0
L -528 -128 -528 -160 0 0 false 5 0
207 -528 -128 -528 -96 4 B7
207 -496 -128 -496 -96 4 B6
L -496 -128 -496 -160 0 0 false 5 0
207 -432 -128 -432 -96 4 B4
207 -464 -128 -464 -96 4 B5
L -432 -128 -432 -160 0 1 false 5 0
L -464 -128 -464 -160 0 1 false 5 0
L -528 -272 -528 -304 0 0 false 5 0
207 -528 -272 -528 -240 4 A7
207 -496 -272 -496 -240 4 A6
L -496 -272 -496 -304 0 0 false 5 0
207 -432 -272 -432 -240 4 A4
207 -464 -272 -464 -240 4 A5
L -432 -272 -432 -304 0 0 false 5 0
L -464 -272 -464 -304 0 0 false 5 0
w 512 144 512 272 0
154 672 48 784 48 0 2 0 5
w 544 48 544 32 0
w 544 32 672 32 0
w 528 -80 672 -80 0
154 672 -96 800 -96 0 2 5 5
w 512 -192 512 -256 0
w 512 -256 640 -256 0
154 720 -240 816 -240 0 2 0 5
w 128 -336 128 -400 0
w 128 -400 640 -400 0
208 -432 32 -336 32 0 black 0 0
150 -512 224 -400 224 0 2 0 5
152 -400 208 -288 208 0 2 0 5
L -576 176 -624 176 0 0 false 5 0
L -560 208 -624 208 0 0 false 5 0
w -576 176 -400 176 0
w -400 176 -400 192 0
w -560 208 -528 208 0
L -544 240 -624 240 0 0 false 5 0
L -512 272 -624 272 0 0 false 5 0
w -528 208 -528 304 0
w -528 304 -400 304 0
150 -400 288 -288 288 0 2 0 5
w -576 176 -576 32 0
w -576 32 -432 32 0
w -560 208 -560 64 0
w -560 64 -432 64 0
w -544 240 -544 96 0
w -544 96 -432 96 0
w -512 272 -512 128 0
w -512 128 -432 128 0
w -512 272 -400 272 0
w -544 240 -512 240 0
w -528 208 -512 208 0
M -336 32 -240 32 0 2.5
M -336 64 -240 64 0 2.5
M -288 208 -240 208 0 2.5
M -288 288 -240 288 0 2.5
w 528 208 672 208 0
w 672 208 672 240 0
w 640 -256 672 -256 0
w 672 -256 672 -112 0
w 640 -224 720 -224 0
w 640 -400 720 -400 0
w 720 -400 720 -256 0
419 928 464 976 464 0 9
w 480 -368 832 -368 0
w 816 -240 816 496 0
w 160 720 928 720 0
w 720 640 720 688 0
w 720 688 928 688 0
w 736 512 736 656 0
w 736 656 928 656 0
w 752 336 752 624 0
w 752 624 928 624 0
w 768 256 768 592 0
w 768 592 928 592 0
w 784 48 784 560 0
w 784 560 928 560 0
w 800 -96 800 528 0
w 800 528 928 528 0
w 816 496 928 496 0
w 832 -368 832 464 0
w 832 464 928 464 0
419 928 -176 960 -176 0 8
207 928 -176 896 -176 4 A7
207 928 240 896 240 4 B4
207 928 -80 896 -80 4 A4
207 928 -112 896 -112 4 A5
207 928 208 896 208 4 B5
207 928 144 896 144 4 B7
207 928 -144 896 -144 4 A6
207 928 176 896 176 4 B6
207 928 304 896 304 4 B2
207 928 -16 896 -16 4 A2
207 928 -48 896 -48 4 A3
207 928 272 896 272 4 B3
207 928 336 896 336 4 B1
207 928 16 896 16 4 A1
207 928 48 896 48 4 A0
207 928 368 896 368 4 B0
419 928 144 1040 144 0 8
