$ 1 0.000015625 5.023272298708815 50 5 50
w 672 304 736 304 0
r 736 304 736 416 0 50
g 416 416 416 432 0
g 736 416 736 432 0
c 352 304 416 304 0 4.159913506439094e-7 -3.0194342754091927
l 416 304 416 416 0 0.0008769500732292581 -0.06994517404539914
g 480 416 480 432 0
c 416 304 480 304 0 3.5911337908455064e-7 0.043161927581063075
l 480 304 480 416 0 0.0009644274234190516 0.03831916694082661
g 544 416 544 432 0
c 480 304 544 304 0 4.3096351174208214e-7 2.0651302421118185
l 544 304 544 416 0 0.0012591084593561147 0.031652803515386393
g 608 416 608 432 0
c 544 304 608 304 0 6.253524119987933e-7 1.0651406597463962
l 608 304 608 416 0 0.0021332637109752546 0.013219513153891858
g 672 416 672 432 0
c 608 304 672 304 0 0.0000013983305031227552 0.3575951712743466
l 672 304 672 416 0 0.010399783766097742 0.0022591211608848317
n 352 304 304 304 0 1 40 5 0 0 0.5
211 736 304 816 304 0 1 8000 1
o 19 1 0 3104 5 0.00009765625 0 -1 0
