$ 1 5.0E-6 5.023272298708815 49 5.0 50
c 208 176 208 288 0 5.9051646250635805E-6 4.062633211426473
l 144 176 208 176 0 0.012448659190544548 0.053140078678806095
w 464 176 528 176 0
r 528 176 528 288 0 50.0
g 208 288 208 304 0
g 528 288 528 304 0
O 528 176 576 176 0
170 144 176 112 176 2 100.0 2000.0 5.0 0.15
c 272 176 272 288 0 5.369543031057315E-6 5.1257083029780235
l 208 176 272 176 0 0.01442033310922977 0.09832852911113443
g 272 288 272 304 0
c 336 176 336 288 0 4.112858198910477E-6 4.157511982611728
l 272 176 336 176 0 0.012016178653842758 0.09606883211091816
g 336 288 336 304 0
c 400 176 400 288 0 2.427517293683718E-6 2.7175532901374186
l 336 176 400 176 0 0.0082809859705 0.06809087838027278
g 400 288 400 304 0
c 464 176 464 288 0 4.979463676217806E-7 1.9434101865833442
l 400 176 464 176 0 0.0037033695101520102 0.04419890622586078
g 464 288 464 304 0
o 6 16 0 34 10.0 9.765625E-5 0 -1
