$ 1 0.000005 5.023272298708815 50 5 50
w 672 304 736 304 0
r 736 304 736 416 0 50
g 416 416 416 432 0
g 736 416 736 432 0
O 736 304 784 304 0
170 352 304 320 304 3 500 8000 5 0.1
c 352 304 416 304 0 0.0000010200273254547969 1.4185000146000166
l 416 304 416 416 0 0.002150316434148972 0.03327430850495401
g 480 416 480 432 0
c 416 304 480 304 0 8.805602785626355e-7 -0.1160765141298541
l 480 304 480 416 0 0.0023648143736226105 -0.002554336952365594
g 544 416 544 432 0
c 480 304 544 304 0 0.0000010567396595396527 0.007995853455447252
l 544 304 544 416 0 0.0030873839859086767 0.0003144496252625746
g 608 416 608 432 0
c 544 304 608 304 0 0.0000015333889690025298 0.0014195996159137784
l 608 304 608 416 0 0.005230847406388789 -0.00005795890531173525
g 672 416 672 432 0
c 608 304 672 304 0 0.000003428761970637979 -0.002080734296731226
l 672 304 672 416 0 0.025500683136369943 -0.000012819429310813814
o 4 2 0 2082 0.00244140625 0.00009765625 0 -1 0
