$ 1 5.0E-6 18.278915558614752 60 5.0 50
a 368 192 480 192 0 15.0 -15.0 1000000.0
w 368 176 368 128 0
w 368 128 480 128 0
w 480 128 480 192 0
w 480 128 480 96 0
r 480 96 304 96 0 1000.0
w 304 96 304 208 0
r 304 208 368 208 0 100000.0
c 368 208 368 288 0 1.0E-7 2.3114879192195272
g 368 288 368 320 0
w 304 208 240 208 0
R 240 208 192 208 0 2 30.0 5.0 0.0 0.0 0.5
R 240 368 192 368 0 2 30.0 5.0 0.0 0.0 0.5
c 240 368 304 368 0 1.0E-5 2.3114879192202653
r 304 368 368 368 0 1000.0
g 368 368 368 400 0
x 377 70 407 76 0 24 R2
x 323 180 353 186 0 24 R1
x 415 258 447 264 0 24 C1
x 258 408 290 414 0 24 C2
x 319 408 349 414 0 24 R3
o 13 64 0 34 5.0 0.003125 0 -1
o 8 64 0 34 5.0 9.765625E-5 0 -1
