$ 1 5.0E-6 18 50 5.0
v 48 336 48 64 0 0 40.0 5.0 0.0
S 144 144 144 64 0 false false 1
w 240 64 240 336 0
r 48 336 144 336 0 100.0
r 144 336 240 336 0 100.0
w 48 64 128 64 0
w 160 64 240 64 0
r 288 336 384 336 0 100.0
r 384 336 480 336 0 100.0
w 480 64 480 336 0
S 384 144 384 64 0 false false 1
w 288 64 368 64 0
w 400 64 480 64 0
c 384 144 384 336 0 3.0E-4 0
v 288 336 288 64 0 0 40.0 5.0 0.0
w 144 144 144 192 0
w 144 336 144 288 0
w 144 288 96 288 0
w 96 192 144 192 0
w 144 192 192 192 0
c 192 192 192 288 0 1.9999999999999998E-4 0
r 144 288 192 288 0 0.01
c 96 192 96 288 0 9.999999999999999E-5 0
