$ 1 5.0E-6 1.1208435524800693 51 5.0 50
a 160 208 272 208 1 15.0 -15.0
f 272 176 336 176 0 1.5
f 272 240 336 240 1 1.5
w 272 176 272 208 0
w 272 208 272 240 0
w 336 192 336 208 0
w 336 208 336 224 0
w 336 208 368 208 0
w 160 288 160 224 1
w 336 256 336 320 0
f 400 368 336 368 0 1.5
f 400 368 464 368 0 1.5
w 336 320 400 320 0
w 400 320 400 368 0
w 336 320 336 352 0
f 400 112 336 112 1 1.5
f 400 112 464 112 1 1.5
w 336 128 336 160 0
w 336 160 400 160 0
w 400 160 400 112 0
w 464 128 464 208 0
w 464 208 464 352 0
172 160 192 96 192 0 6 2.0 4.0 -4.0 0.0 0.5 Y Voltage
174 64 224 160 256 0 500.0 0.7079000000000001 X Resistance
r 112 256 112 320 0 100.0
g 112 320 112 336 0
w 464 208 512 208 1
r 512 208 576 208 0 100.0
g 576 208 576 224 0
R 336 96 336 48 0 0 40.0 10.0 0.0 0.0 0.5
R 464 96 464 48 0 0 40.0 10.0 0.0 0.0 0.5
R 336 384 336 432 0 0 40.0 -10.0 0.0 0.0 0.5
R 464 384 464 432 0 0 40.0 -10.0 0.0 0.0 0.5
w 160 288 368 288 2
w 368 288 368 208 0
x 94 165 109 171 0 24 Y
x 156 326 171 332 0 24 X
x 501 177 516 183 0 24 Z
