$ 1 5.0E-6 10.20027730826997 48 5.0 50
179 240 80 256 80 1024 1.0
179 240 256 272 256 1024 -1.0
R 128 176 96 176 0 1 40.0 5.0 0.0 0.0 0.5
r 128 176 224 176 0 50.0
R 480 176 448 176 0 1 40.0 5.0 0.0 0.0 0.5
r 480 176 544 176 0 50.0
l 544 176 544 272 0 0.1 -0.05978684403333334
g 544 272 544 288 0
w 240 112 224 112 0
w 224 112 224 176 0
r 336 80 400 80 0 100.0
g 400 80 400 96 0
w 336 144 336 208 0
w 240 288 240 208 0
w 240 208 336 208 0
w 336 256 384 256 0
r 384 256 384 368 0 100.0
g 384 368 384 384 0
w 336 320 336 352 0
w 336 352 224 352 0
w 224 352 224 176 0
w 240 288 176 288 0
c 176 288 176 368 0 1.0E-5 5.9786844033333315
g 176 368 176 384 0
o 2 64 0 35 5.0 0.1 0 -1
o 4 64 0 35 5.0 0.1 0 -1
