$ 1 5.0E-6 16 60 15.0 53
w 240 48 336 48 0
r 240 48 240 208 0 110000.0
r 240 208 240 352 0 10000.0
t 240 208 336 208 0 1 -10.980847640834186 0.5689504449104646
w 240 352 336 352 0
g 240 352 240 384 0
R 240 48 144 48 0 0 40.0 20.0 0.0
r 336 48 336 192 0 10000.0
r 336 224 336 352 0 1000.0
c 240 208 160 208 0 4.9999999999999996E-6 1.5542375158881994
R 160 208 112 208 0 1 80.0 0.5 0.0
c 336 192 416 192 0 4.9999999999999996E-6 10.088518798851988
O 416 192 464 192 0
r 416 192 416 272 0 1000000.0
g 416 272 416 304 0
o 10 64 0 2 0.625 9.765625E-5
o 12 64 0 2 10.0 9.765625E-5
