$ 1 0.000005 8.63434833026695 50 5 50
a 160 224 256 224 8 15 -15 1000000 -0.31888084448337395 0.12011997362524945 100000
f 256 256 304 256 33 1.5 0.02
f 256 192 304 192 32 1.5 0.02
w 256 192 256 224 0
w 256 224 256 256 0
w 304 208 304 224 0
w 304 224 304 240 0
R 304 176 304 128 0 0 40 15 0 0 0.5
l 304 224 400 224 0 0.08 0.050800798090137586
c 400 224 400 304 0 0.00001 3.1202832302210446
g 400 304 400 336 0
w 304 272 304 288 0
O 400 224 464 224 0
w 160 240 160 256 0
w 160 208 160 192 0
R 160 256 112 256 0 3 1000 1.001 0 0 0.5
R 160 192 112 192 0 1 30 1.001 0 0 0.5
R 304 288 304 336 0 0 40 -15 0 0 0.5
g 256 320 256 336 0
p 256 256 256 320 0 0
o 16 64 0 4098 1.2 0.00009765625 0 2 16 3 input
o 19 16 0 4098 20 0.00009765625 1 1
o 12 64 0 4098 15 0.000048828125 2 1 output
