$ 1 0.000015625 14.235633750745258 44 5 35
l 368 320 416 320 0 0.0005694204697892322 2.688387788423412
l 416 320 464 320 0 0.0005694204697892322 0.12158061296276665
l 464 320 512 320 0 0.0005694204697892322 -0.6864013723161193
l 512 320 560 320 0 0.0005694204697892322 1.3711696220224574
l 560 320 608 320 0 0.0005694204697892322 0.8423991374330994
l 608 320 656 320 0 0.0005694204697892322 0.19250022644102613
l 656 320 704 320 0 0.0005694204697892322 1.3913705855276095
c 416 320 416 400 0 0.000005694204697892323 21.28909627192119
c 464 320 464 400 0 0.000005694204697892323 -0.0408452939923051
c 512 320 512 400 0 0.000005694204697892323 1.86921947776965
c 560 320 560 400 0 0.000005694204697892323 -0.4113423867136387
c 608 320 608 400 0 0.000005694204697892323 -18.9699313235905
c 656 320 656 400 0 0.000005694204697892323 -12.696146256255664
c 704 320 704 400 0 0.000005694204697892323 0.41689191818105736
w 416 400 464 400 0
w 464 400 512 400 0
w 512 400 560 400 0
w 560 400 608 400 0
w 608 400 656 400 0
w 656 400 704 400 0
l 704 320 752 320 0 0.0005694204697892322 0.0002764831294581292
r 752 320 752 400 0 1000
w 704 400 752 400 0
g 752 400 752 432 0
n 368 320 320 320 0 1 40 5 0 0 0.5
211 752 320 832 320 0 1 8000 1
o 25 4 0 3104 20 0.00009765625 0 -1 0
