$ 1 0.000005 1.700203994009402 50 5 50
f 176 208 176 144 40 1.5 0.02
R 160 144 96 144 0 0 40 5 0 0 0.5
l 256 256 256 144 0 1 -0.02214699956348326
d 320 144 256 144 2 default
c 320 144 320 256 0 0.00001 -5.844616236263109
w 320 256 256 256 0
g 256 256 256 272 0
r 448 144 448 256 0 1000
w 448 256 320 256 0
w 320 144 448 144 0
O 448 144 496 144 1
w 256 144 240 144 0
w 240 144 192 144 0
w 240 144 240 208 0
v 240 208 176 208 0 2 1000 5 5 0 0.56
o 14 4 0 53250 10 0.1 0 2 14 3
o 10 4 0 4354 10 0.1 1 1
38 14 5 0 100 Duty\sCycle
