$ 1 0.000005 1.8479586061009856 50 5 50
R 192 112 160 112 0 0 40 5 0 0 0.5
l 192 112 272 112 0 1 0.0024992032113430266
c 272 112 352 112 0 0.000001 3.2965842105263987
l 352 112 352 224 0 10 -0.0044649980858714605
d 352 112 432 112 2 default
f 224 160 272 160 32 1.5 0.02
w 272 144 272 112 0
w 272 176 272 224 0
w 272 224 352 224 0
g 352 224 352 240 0
c 432 112 432 224 0 0.00001 4.172945863870542
w 432 224 352 224 0
r 496 112 496 224 0 1000
w 496 224 432 224 0
w 432 112 496 112 0
O 496 112 560 112 1 0
v 224 224 224 160 0 2 1000 5 5 0 0.5
w 224 224 272 224 0
o 16 4 0 36866 10 0.1 0 2 16 3
o 15 4 0 20482 10 0.1 1 1
o 3 4 0 20481 20 0.00625 2 2 3 3
38 16 5 0 100 Duty\sCycle
