$ 1 0.000005 2.1831051418620846 50 5 50
R 192 128 160 128 0 0 40 5 0 0 0.5
f 208 192 208 128 40 1.5 0.02
v 272 192 208 192 0 2 1000 5 5 0 0.72
w 224 128 272 128 0
w 272 128 272 192 0
d 288 240 288 128 2 default
w 288 128 272 128 0
c 368 240 368 128 0 0.00001 -3.51180707139561
l 288 128 368 128 0 1 0.0037019568907670298
w 368 240 288 240 0
g 288 240 288 256 0
r 432 240 432 128 0 1000
w 432 128 368 128 0
w 432 240 368 240 0
O 432 128 464 128 1
o 2 4 0 36866 10 0.1 0 2 2 3
o 14 4 0 20482 5 0.1 1 1
38 2 5 0 100 Duty\sCycle
