$ 1 0.000005 2.008553692318767 50 5 50
f 208 192 256 192 32 1.5 0.02
R 192 144 144 144 0 0 40 5 0 0 0.5
w 256 176 256 144 0
l 192 144 256 144 0 1 0.04843914363459666
d 256 144 320 144 2 default
c 320 144 320 256 0 0.00001 12.067135794574403
w 320 256 256 256 0
w 256 256 256 208 0
g 256 256 256 272 0
r 448 144 448 256 0 1000
w 448 256 320 256 0
w 320 144 448 144 0
O 448 144 496 144 1
v 208 256 208 192 0 2 1000 5 5 0 0.68
w 208 256 256 256 0
o 13 4 0 53250 10 0.1 0 2 13 3
o 12 4 0 20482 20 0.1 1 1
38 13 5 0 100 Duty\sCycle
