$ 1 5.0E-6 12.682493960703473 55 5.0 50
l 192 240 304 240 0 1.0 0.0
l 304 240 416 240 0 1.0 0.0
c 192 240 192 368 0 1.0E-5 5.0 5.0
c 304 240 304 368 0 1.0E-5 -0.0
c 416 240 416 368 0 1.0E-5 5.0 5.0
r 192 368 304 368 0 1.0
r 304 368 416 368 0 1.0
g 304 368 304 384 0
l 192 32 304 32 0 1.0 0.0
l 304 32 416 32 0 1.0 0.0
c 192 32 192 160 0 1.0E-5 5.0 5.0
c 304 32 304 160 0 1.0E-5 -0.0
c 416 32 416 160 0 1.0E-5 -5.0 -5.0
r 192 160 304 160 0 1.0
r 304 160 416 160 0 1.0
g 304 160 304 176 0
o 13 64 0 43 0.01953125 0.025 0 -1
o 5 64 0 43 0.009765625 0.0125 1 -1
