$ 1 5e-11 42.05934401203833 55 5 50
w 384 224 384 256 0
w 240 224 240 256 0
c 240 256 240 304 0 2.1999999999999998e-11 2.5000000234315616
c 384 256 384 304 0 2.1999999999999998e-11 2.4999999599179525
g 240 304 240 320 0
g 384 304 384 320 0
f 288 160 336 160 0 1.5 0.02
f 288 96 336 96 1 1.5 0.02
w 336 112 336 128 0
w 336 128 336 144 0
w 288 160 288 128 0
w 288 128 288 96 0
g 336 176 336 192 0
R 336 80 336 48 0 0 40 5 0 0 0.5
r 240 32 384 32 0 1000000
w 384 32 384 128 0
w 336 128 384 128 0
w 288 128 240 128 0
w 240 128 240 32 0
r 384 128 384 224 0 1000
w 240 128 240 224 0
O 384 128 448 128 0 0
I 384 32 464 32 0 1 5
O 464 32 512 32 0 0
412 240 224 384 224 1 0\s2.87e-11\s6.35136090387789e-8 0\s1e-13\s-0.000023230977415078513 0\s0.0025\s-1.2207935364597817e-9 0\s6.4
o 21 32 0 12554 2.500001171552497 0.0001 0 1
o 23 32 0 4106 5 0.1 1 1
