$ 1 5e-11 7.619785657297057 55 5 50
r 352 48 352 128 0 11000
r 304 128 304 224 0 68000
r 416 176 416 224 0 1000
w 352 48 416 48 0
w 352 224 416 224 0
O 416 144 464 144 0 0
R 416 48 416 16 0 0 40 5 0 0 0.5
g 416 224 416 240 0
t 352 128 416 128 0 1 -5.615269868212096 -1.520545699956408 1000
r 416 48 416 112 0 100
w 304 128 352 128 0
w 352 224 304 224 0
c 352 128 352 176 0 1e-10 -1.520545699956408
c 352 176 352 224 0 1e-10 0.9052758317343137
w 416 176 352 176 0
w 416 176 416 144 0
r 128 128 304 128 0 10
c 128 224 304 224 0 1e-10 1.8262151751487157
412 128 128 128 224 1 0\s2.87e-11\s-2.4030265559237374 0\s1e-13\s2126.488802641827 0\s0.0025\s-0.007329748541642721 0\s6.4
o 5 32 0 12298 4.147022521366914 0.0001 0 1
