$ 3 0.000005 13.097415321081861 50 5 50 5e-11
156 72 248 128 248 0 0
156 208 248 240 248 0 5
156 336 248 368 248 0 0
156 464 248 480 248 0 0
w 448 312 464 312 0
w 320 312 336 312 0
w 320 312 320 248 0
w 320 248 336 248 0
w 72 248 56 248 0
w 56 248 56 312 0
w 56 312 72 312 0
w 432 248 432 88 0
M 560 64 48 64 2 2.5
R 56 248 24 248 0 0 40 5 0 0 0.5
R 72 360 24 360 1 2 200 2.5 2.5 0 0.5
w 72 280 72 360 0
w 72 360 208 360 0
w 208 360 208 280 0
w 336 280 336 360 0
w 336 360 208 360 0
w 336 360 464 360 0
w 464 360 464 280 0
150 336 176 336 248 1 2 0 5
w 304 248 304 112 0
w 304 112 328 112 0
w 328 112 328 176 0
w 344 136 344 176 0
w 168 136 344 136 0
150 464 176 464 248 1 3 0 5
w 344 136 472 136 0
w 472 136 472 176 0
w 328 112 464 112 0
w 464 112 464 176 0
w 432 88 456 88 0
w 456 88 456 176 0
M 304 112 48 112 2 2.5
M 432 88 48 88 2 2.5
150 192 176 240 176 1 2 0 5
w 240 176 240 216 0
w 208 216 208 248 0
w 208 216 240 216 0
w 168 248 168 168 0
w 168 168 192 168 0
w 168 136 168 168 0
w 560 312 560 384 0
w 560 384 184 384 0
w 184 384 184 184 0
w 184 184 192 184 0
w 200 248 208 248 0
w 200 248 200 312 0
w 200 312 208 312 0
150 512 160 512 208 1 2 0 5
w 472 136 504 136 0
w 504 136 504 160 0
w 560 64 560 160 0
w 560 160 520 160 0
w 560 160 560 248 0
w 512 208 584 208 0
w 584 208 584 344 0
w 584 344 448 344 0
w 448 344 448 312 0
M 168 136 48 136 2 2.5
w 456 88 584 88 0
w 584 88 584 80 0
w 584 80 600 80 0
w 464 112 600 112 0
w 504 136 584 136 0
w 584 136 584 144 0
419 600 48 704 48 0 4
w 584 144 600 144 0
w 560 64 560 48 0
w 560 48 600 48 0
o 12 64 0 4102 5 0.00009765625 0 1
o 36 64 0 4102 5 0.00009765625 0 1
o 35 64 0 4102 5 0.00009765625 0 1
o 61 64 0 4102 5 0.00009765625 0 1
