$ 3 5.0E-6 12.185319768402522 50 5.0 50
a 144 248 224 248 0 15.0 -15.0
w 144 232 144 200 0
c 144 200 224 200 0 1.4999999999999999E-5 14.45469914811517
w 224 200 224 248 0
w 144 232 128 232 0
160 112 104 112 168 0
w 128 168 128 232 0
g 96 168 96 184 0
r 128 232 64 232 0 1600.0
i 112 56 112 104 0 0.01
82 112 56 64 56 0 0 40.0 20.0 0.0 0.0 0.5
a 224 264 312 264 0 5.0 0.0
g 224 280 224 296 0
155 312 264 376 264 1 0.0
w 312 280 312 360 0
w 376 312 376 360 0
w 376 360 312 360 0
82 312 360 288 360 1 2 600.0 2.5 2.5 0.0 0.5
w 128 136 376 136 0
w 376 136 376 296 0
164 432 304 480 304 1 4 0.0 0.0 0.0 0.0
82 432 400 376 400 0 2 20.0 2.5 2.5 -0.17453292519943295 0.9
82 144 264 112 264 0 0 40.0 15.0 0.0 0.0 0.5
w 360 296 376 296 0
168 480 304 512 304 1 4
M 528 304 560 304 0 2.5
M 528 320 576 320 0 2.5
M 528 336 592 336 0 2.5
M 528 352 608 352 0 2.5
w 480 368 480 400 0
w 432 352 432 400 0
82 480 400 480 432 0 2 20.0 2.5 2.5 -3.141592653589793 0.5
82 64 232 40 232 0 4 1.0 7.5 7.5 0.0 0.5
153 376 304 432 304 1 2 0.0
o 32 64 0 34 10.0 0.00625 0 -1
o 25 64 0 34 7.62939453125E-5 9.765625E-5 1 -1
o 26 64 0 34 5.0 9.765625E-5 1 -1
o 27 64 0 34 5.0 9.765625E-5 1 -1
o 28 64 0 34 5.0 9.765625E-5 1 -1
