$ 3 0.000005 3.046768661252054 48 5 50
w 520 168 520 216 0
w 440 168 440 200 0
a 440 216 520 216 0 15 -15 1000000 0.000033177019031387954 0
c 440 168 520 168 0 0.0000057999999999999995 3.3177350801578274
r 400 200 440 200 0 1000
a 208 200 280 200 0 15 -15 1000000 -1.6588515874906469 -1.658850951569398
r 208 152 280 152 0 100
r 208 184 160 184 0 100
r 208 216 160 216 0 100
r 208 216 208 264 0 100
w 208 184 208 152 0
w 280 152 280 200 0
g 208 264 208 280 0
w 160 296 160 216 0
g 440 232 440 256 0
w 520 216 520 296 0
w 520 296 160 296 0
R 160 184 128 184 0 1 40 5 0 0 0.5
a 344 200 400 200 2 15 -15 1000000 5 2.5
R 344 208 344 240 0 0 40 2.5 0 0 0.5
183 280 200 328 200 0 0.5 -0.1 0.1
w 328 200 328 192 0
w 328 192 344 192 0
207 280 152 280 112 0 difference
207 520 296 520 328 0 decoded
207 344 192 344 152 0 encoded
o 17 16 0 4098 5 0.05 0 2 17 3
o 24 16 0 4098 10.200869587341785 0.0001 1 2 24 3
o 23 2 0 4098 0.2269145894737822 0.0001 2 2 23 3
o 25 2 0 4098 5 0.00009765625 3 2 25 3
