$ 1 0.000005 10.20027730826997 50 5 50 5e-11
t 224 256 288 256 0 1 -3.945779492504472 0.6928898088437567 100 default
r 160 256 224 256 0 10000
r 288 80 288 240 0 300
w 288 272 288 352 0
g 288 352 288 368 0 0
R 160 256 128 256 0 0 40 5 0 0 0.5
R 288 80 208 80 0 3 40 20 21 0 0.5
R 560 80 480 80 0 3 40 20 21 0 0.5
R 432 256 400 256 0 0 40 5 0 0 0.5
g 560 352 560 368 0 0
w 560 272 560 352 0
r 560 80 560 240 0 300
r 432 256 496 256 0 10000
32 early 0 1e-13 0 0 1.5 0 0 2 1 1 0.02 0 1
t 496 256 560 256 0 1 -3.1354863883836575 0.6928898087953951 100 early
o 0 64 6 4162 2.0971519999999997e-9 1e-17 0 2 0 2 no\sEarly\seffect
o 13 64 6 4162 4e-7 1e-9 1 2 13 2 Early\seffect
