$ 1 0.000005 1.1208435524800693 54 5 50
t 224 192 224 272 0 1 0.5932794688939791 0.6112077207192264 100
t 240 272 320 272 0 1 -4.98207174786977 0.017928251825247318 100
g 320 288 320 336 0
r 224 192 224 112 0 4700
r 320 112 320 192 0 1000
w 320 192 320 256 0
R 224 112 144 112 0 0 40 5 0 0 0.5
w 224 112 320 112 0
O 320 192 400 192 1
L 208 272 128 272 0 0 false 5 0
L 544 272 464 272 0 1 false 5 0
w 560 112 656 112 0
R 560 112 480 112 0 0 40 5 0 0 0.5
w 656 192 656 256 0
r 656 112 656 192 0 1000
r 560 192 560 112 0 4700
g 656 288 656 336 0
t 576 272 656 272 0 1 0.6053658344412197 0.6626787786766478 100
t 560 192 560 272 0 1 0.5897066862374193 -3.747614535085933 100
w 656 192 768 192 2
t 832 192 832 272 0 1 0.592941492860246 0.6108697446852587 100
t 848 272 928 272 0 1 -4.924758802000795 0.07524119606044077 100
g 928 288 928 336 0
r 832 192 832 112 0 4700
r 928 112 928 192 0 1000
w 928 192 928 256 0
w 832 112 928 112 0
O 928 192 1008 192 1
w 768 272 816 272 0
R 832 112 832 80 0 0 40 5 0 0 0.5
R 832 368 832 336 0 0 40 5 0 0 0.5
w 768 528 816 528 0
O 928 448 1008 448 1
w 832 368 928 368 0
w 928 448 928 512 0
r 928 368 928 448 0 1000
r 832 448 832 368 0 4700
g 928 544 928 592 0
t 848 528 928 528 0 1 -4.924758802000795 0.07524119606044061 100
t 832 448 832 528 0 1 0.5929414928602463 0.6108697446852589 100
R 832 -144 832 -176 0 0 40 5 0 0 0.5
w 768 16 816 16 0
O 928 -64 1008 -64 1
w 832 -144 928 -144 0
w 928 -64 928 0 0
r 928 -144 928 -64 0 1000
r 832 -64 832 -144 0 4700
g 928 32 928 80 0
t 848 16 928 16 0 1 -4.924758802000795 0.07524119606044077 100
t 832 -64 832 16 0 1 0.5929414928602459 0.6108697446852586 100
w 768 16 768 192 0
w 768 272 768 528 0
w 1120 288 1120 544 0
w 1120 32 1120 240 0
t 1184 -48 1184 32 0 1 0.5929414928602462 0.6108697446852588 100
t 1200 32 1280 32 0 1 -4.924758802000795 0.07524119606044069 100
g 1280 48 1280 96 0
r 1184 -48 1184 -128 0 4700
r 1280 -128 1280 -48 0 1000
w 1280 -48 1280 16 0
w 1184 -128 1280 -128 0
O 1280 -48 1360 -48 1
w 1120 32 1168 32 0
R 1184 -128 1184 -160 0 0 40 5 0 0 0.5
t 1184 464 1184 544 0 1 0.5929414928602463 0.6108697446852588 100
t 1200 544 1280 544 0 1 -4.924758802000795 0.07524119606044054 100
g 1280 560 1280 608 0
r 1184 464 1184 384 0 4700
r 1280 384 1280 464 0 1000
w 1280 464 1280 528 0
w 1184 384 1280 384 0
O 1280 464 1360 464 1
w 1120 544 1168 544 0
R 1184 384 1184 352 0 0 40 5 0 0 0.5
R 1184 128 1184 96 0 0 40 5 0 0 0.5
w 1120 288 1168 288 0
w 1120 240 1120 288 0
O 1280 208 1360 208 1
w 1184 128 1280 128 0
w 1280 208 1280 272 0
r 1280 128 1280 208 0 1000
r 1184 208 1184 128 0 4700
g 1280 304 1280 352 0
t 1200 288 1280 288 0 1 -4.924758802000795 0.07524119606044073 100
t 1184 208 1184 288 0 1 0.592941492860246 0.6108697446852587 100
w 768 192 768 240 0
w 768 240 1120 240 0
w 768 240 768 272 0
