$ 1 5.0E-6 3.333936307694169 54 5.0 50
t 256 128 304 128 0 1 -5.22517933037985 -0.6454813682869913 100.0
w 80 304 192 304 0
w 80 128 192 128 0
w 192 128 256 128 0
w 192 224 304 224 0
w 304 144 304 224 0
w 304 112 352 112 0
r 352 112 352 304 0 1000.0
w 192 304 352 304 0
r 304 112 304 48 0 100.0
R 304 48 256 48 0 0 40.0 5.0 0.0 0.0 0.5
g 304 224 304 256 0
O 352 112 432 112 0
l 192 128 192 224 0 1.5 -0.001126760367703781
l 192 224 192 304 0 0.5 -0.005329780746696711
c 80 128 80 304 0 6.33E-7 -1.0221589514366398
x 157 182 176 186 0 16 L1
x 157 273 176 277 0 16 L2
o 12 32 0 42 5.0 9.765625E-5 0 -1
