$ 3 5.0E-6 11.251013186076355 50 5.0 50
166 360 112 384 112 1 4
R 408 160 448 160 0 0 40.0 25.5 0.0
w 408 112 488 112 0
w 488 112 488 184 0
a 160 272 224 272 2 15.0 -15.0
r 160 240 224 240 0 100000.0
w 224 240 224 272 0
w 488 184 160 184 0
r 160 184 160 240 0 100000.0
w 160 240 160 264 0
w 120 112 120 280 0
R 120 112 80 112 0 4 5.0 12.8 12.8
r 120 280 160 280 0 100000.0
g 160 352 160 368 0
r 160 280 160 352 0 100000.0
167 272 112 280 112 1 4
w 120 112 272 112 0
R 272 160 232 160 0 0 40.0 25.5 0.0
167 272 272 296 272 1 4
w 224 272 272 272 0
R 272 320 232 320 0 0 40.0 1.5 0.0
w 320 112 352 112 0
w 320 128 344 128 0
w 320 144 336 144 0
w 320 160 328 160 0
w 328 160 360 160 0
w 336 144 360 144 0
w 344 128 360 128 0
w 328 160 328 256 0
w 336 144 336 240 0
w 344 128 344 224 0
w 352 112 352 208 0
w 352 112 360 112 0
M 352 208 440 208 0 2.5
M 344 224 456 224 0 2.5
M 336 240 472 240 0 2.5
M 328 256 488 256 0 2.5
M 320 272 504 272 0 2.5
M 320 288 520 288 0 2.5
M 320 304 536 304 0 2.5
M 320 320 552 320 0 2.5
o 33 64 0 6 5.0 9.765625E-5 0
o 34 64 0 6 5.0 9.765625E-5 0
o 35 64 0 6 5.0 9.765625E-5 0
o 36 64 0 6 5.0 9.765625E-5 0
o 37 64 0 6 5.0 9.765625E-5 0
o 38 64 0 6 5.0 9.765625E-5 0
o 39 64 0 6 5.0 9.765625E-5 0
o 40 64 0 6 5.0 9.765625E-5 0
