$ 1 5.0E-6 10.391409633455755 58 5.0 50
a 256 160 368 160 0 15.0 -15.0
w 368 160 368 96 0
w 368 160 368 224 0
r 256 224 368 224 0 3000.0
r 256 96 368 96 0 5000.0
r 256 96 144 96 0 5000.0
r 144 224 256 224 0 3000.0
w 256 176 256 224 0
R 144 96 144 48 0 0 40.0 -5.0 0.0 0.0 0.5
g 144 224 144 256 0
w 256 96 256 144 0
w 256 224 256 272 0
r 256 272 256 352 0 2000.0
s 304 272 304 352 0 1 false
w 256 352 304 352 0
g 256 352 256 384 0
w 256 272 304 272 0
x 187 67 217 74 0 24 R1
x 300 67 330 73 0 24 R2
x 185 259 215 265 0 24 R3
x 298 259 328 265 0 24 R4
x 184 320 234 326 0 24 load
o 11 64 0 33 2.5 0.003125 0 -1
