$ 1 5.0E-6 10.20027730826997 50 5.0 50
a 144 288 224 288 0 15.0 -15.0 1000000.0
a 288 304 368 304 0 15.0 -15.0 1000000.0
a 432 320 512 320 0 15.0 -15.0 1000000.0
a 320 176 240 176 0 15.0 -15.0 1000000.0
r 224 288 288 288 0 100.0
r 144 208 224 208 0 100.0
c 144 240 224 240 0 1.0E-5 0.30810690390392026
w 224 240 224 288 0
w 224 240 224 208 0
w 144 208 144 240 0
w 144 240 144 272 0
g 144 304 144 320 0
g 288 320 288 336 0
g 432 336 432 352 0
g 320 192 320 208 0
c 288 256 368 256 0 1.0E-5 -0.7471958311744904
w 368 256 368 304 0
w 288 256 288 288 0
r 320 160 368 160 0 100.0
r 320 128 240 128 0 100.0
w 368 160 368 256 0
w 320 128 320 160 0
w 240 128 240 176 0
d 240 128 144 128 1 0.805904783
w 144 128 144 208 0
r 368 304 432 304 0 100.0
c 432 272 512 272 0 1.0E-5 0.061149048274266225
w 432 272 432 304 0
w 512 272 512 320 0
r 144 96 512 96 0 100.0
w 512 96 512 272 0
w 144 96 144 128 0
O 224 288 224 320 0
O 368 304 368 336 0
O 512 320 512 352 0
o 32 64 0 226 5.0 3.2 0 34
o 33 64 0 226 2.3384026197294445 2.993155353253689 1 32
o 34 64 0 226 5.0 1.6 2 33
