$ 1 5e-9 6.450009306485578 52 1 66
T 288 192 336 224 6 4.0000000000000003e-7 6 0.0008897636271907768 -0.08891607989108269 0.999
t 336 256 368 256 0 1 0.40715470517629976 0.6880879736516619 100
w 368 224 368 240 0
r 288 192 288 160 0 1000
w 288 224 288 256 0
w 368 272 368 288 0
w 368 288 224 288 0
w 288 160 192 160 0
w 416 288 368 288 0
v 192 288 192 160 0 0 40 1.5 0 0 0.5
c 224 288 224 192 0 1e-7 -0.4940116811755582
w 192 288 224 288 0
w 224 192 288 192 0
r 288 256 336 256 0 10
c 416 224 416 288 0 0.00001 1.8817953335129698
d 368 224 416 224 1 0.805904783
w 416 224 480 224 0
w 480 288 416 288 0
w 288 160 336 160 0
w 336 160 336 192 0
w 336 224 368 224 0
162 480 224 480 288 1 2.1024259 1 0 0 0.01
o 9 8 0 4355 2.5 0.4 0 2 9 3
o 14 8 0 4355 5 0.4 1 2 14 3
o 21 8 0 4099 5 0.1 2 2 21 3
