$ 3 0.000005 22.512744558455275 50 5 50 5e-11
156 88 272 104 272 1 5
156 152 272 168 272 1 0
w 152 272 144 272 0
w 144 272 144 304 0
w 144 304 152 304 0
w 136 272 136 288 0
w 136 288 152 288 0
156 216 272 232 272 1 5
156 280 272 296 272 1 0
156 344 272 352 272 1 5
156 408 272 424 272 1 5
156 472 272 488 272 1 5
w 200 272 200 288 0
w 200 288 216 288 0
w 264 272 264 288 0
w 264 288 280 288 0
w 328 272 328 288 0
w 328 288 344 288 0
w 392 272 392 288 0
w 392 288 408 288 0
w 456 272 456 288 0
w 456 288 472 288 0
w 216 272 208 272 0
w 208 272 208 304 0
w 208 304 216 304 0
w 280 272 272 272 0
w 272 272 272 304 0
w 272 304 280 304 0
w 344 272 336 272 0
w 336 272 336 304 0
w 336 304 344 304 0
w 408 272 400 272 0
w 400 272 400 304 0
w 400 304 408 304 0
w 472 272 464 272 0
w 464 272 464 304 0
w 464 304 472 304 0
w 144 304 144 336 0
w 208 304 208 336 0
w 144 336 208 336 0
w 208 336 272 336 0
w 272 304 272 336 0
w 272 336 336 336 0
w 336 336 400 336 0
w 400 336 464 336 0
w 464 336 464 304 0
w 400 304 400 336 0
w 336 304 336 336 0
R 88 288 32 288 1 2 1000 2.5 2.5 0 0.5
w 88 272 80 272 0
w 80 272 80 304 0
w 80 304 88 304 0
w 80 304 80 336 0
w 80 336 144 336 0
R 80 336 32 336 0 0 40 5 0 0 0.5
w 464 336 528 336 0
w 528 336 528 304 0
w 520 272 520 288 0
w 520 288 536 288 0
156 536 272 552 272 1 0
w 528 272 528 304 0
w 528 272 536 272 0
w 528 304 536 304 0
207 136 272 136 224 4 D0
207 200 272 200 224 4 D1
207 264 272 264 224 4 D2
207 328 272 328 224 4 D3
207 392 272 392 224 4 D4
207 456 272 456 224 4 D5
207 520 272 520 224 4 D6
207 584 272 584 224 4 D7
R 216 64 160 64 0 1 40 5 0 0 0.5
r 216 64 216 144 0 1000
g 216 144 216 160 0 0
r 432 64 432 144 0 1000
g 432 144 432 160 0 0
207 216 64 216 24 4 vsense
418 432 64 432 24 0 1 40 5 0 0 0.5 extsin
o 74 64 0 4107 0.0000762939453125 0.00009765625 0 2 74 3
