$ 1 4.0E-9 4 54 5.0
f 160 144 208 144 1
f 160 240 208 240 0
w 208 160 208 192 0
w 208 192 208 224 0
R 208 128 208 80 0 0 40.0 5.0 0.0
g 208 256 208 288 0
g 288 256 288 288 0
w 288 192 320 192 0
w 320 192 320 144 0
w 320 192 320 240 0
f 320 144 368 144 1
f 320 240 368 240 0
w 368 160 368 192 0
w 368 192 368 224 0
g 368 256 368 288 0
R 368 128 368 80 0 0 40.0 5.0 0.0
c 208 192 288 192 0 1.0E-9 0.22165573446504094
r 288 192 288 256 0 1000.0
w 160 144 160 192 0
w 160 240 160 192 0
w 160 192 128 192 0
w 128 192 128 160 0
w 128 192 128 224 0
f 80 240 128 240 0
f 80 144 128 144 1
w 80 144 80 192 0
w 80 192 80 240 0
R 128 128 128 80 0 0 40.0 5.0 0.0
g 128 256 128 288 0
w 368 192 400 192 0
w 400 192 400 144 0
w 400 192 400 240 0
f 400 240 448 240 0
f 400 144 448 144 1
w 448 160 448 192 0
w 448 192 448 224 0
g 448 256 448 288 0
R 448 128 448 80 0 0 40.0 5.0 0.0
M 448 192 496 192 0
R 80 192 32 192 0 2 200000.0 2.5 2.5
o 39 32 0 2 5.0 9.765625E-5 0
o 38 32 0 2 5.0 9.765625E-5 0
h 2 17 16
