$ 1 0.000005 7.619785657297057 39 120 42
v 64 208 64 80 0 1 60 169.7056274847714 0 0 0.5
w 240 160 240 208 1
T 160 128 240 128 0 0.5 1000 0 0 0.999
w 160 128 160 80 2
w 160 160 160 208 1
r 160 80 64 80 0 10
w 64 208 160 208 0
w 240 128 240 80 2
r 240 80 432 80 0 500
r 240 208 432 208 0 500
w 432 80 432 128 0
w 432 208 432 160 0
T 432 128 496 128 0 1000000 0.001 0 0 0.999
w 496 128 496 80 2
w 496 80 560 80 0
w 496 160 496 208 1
w 496 208 560 208 0
r 560 80 560 208 0 200
v 64 384 64 256 0 1 60 169.7056274847714 0 0 0.5
r 64 256 160 256 0 10
r 160 256 512 256 0 500
r 160 384 512 384 0 500
w 64 384 160 384 0
w 512 256 560 256 0
w 512 384 560 384 0
r 560 256 560 384 0 200
g 432 208 432 224 0
g 560 208 560 224 0
g 64 384 64 400 0
g 64 208 64 224 0
o 17 64 7 135187 80 0.00009765625 0 1 160
o 25 64 7 135187 5 0.00009765625 1 1 160
