$ 1 5.0E-6 1.5 50 5.0
L 128 144 64 144 0 true false
L 128 208 64 208 0 true false
L 128 272 64 272 0 false false
w 128 208 128 176 0
w 128 176 192 176 0
w 128 144 144 144 0
w 144 144 192 144 0
w 128 208 128 224 0
w 128 224 192 224 0
w 144 144 144 304 0
w 144 304 192 304 0
w 128 272 128 256 0
w 128 256 192 256 0
w 128 272 128 336 0
w 128 336 192 336 0
151 320 240 480 240 0 3 0.0
w 320 160 320 224 0
w 320 256 320 320 0
151 192 160 320 160 0 2 5.0
151 192 240 320 240 0 2 5.0
151 192 320 320 320 0 2 5.0
M 480 240 544 240 0
