$ 1 5e-9 0.22070718156067046 39 8 38
f 224 272 288 272 0 1.2 20
c 288 208 224 208 0 2e-9 -4.89057533698048
w 112 272 176 272 0
w 288 208 288 256 0
c 288 320 224 320 0 2e-9 -5.353724636959304
w 288 288 288 320 0
R 288 96 288 48 0 0 40 12 0 0 0.5
g 288 320 288 368 0
r 224 272 224 320 0 0.2
r 224 272 176 272 0 0.2
l 112 272 48 272 0 1.0000000000000001e-7 0.000029607790776576165
d 112 272 112 192 1 0.805904783
d 112 352 112 272 1 0.805904783
d 0 352 0 272 1 0.805904783
d 0 272 0 192 1 0.805904783
w 224 208 224 272 0
w 112 192 0 192 0
w 112 352 0 352 0
g 112 352 112 368 0
R 112 80 112 32 0 0 40 5 0 0 0.5
f -96 320 -32 320 0 1.5 2
f -96 224 -32 224 1 1.5 2
w 0 352 -32 352 0
w -32 352 -32 336 0
w -32 304 -32 272 0
w -32 272 0 272 0
w -32 272 -32 240 0
w -32 208 -32 192 0
w -32 192 0 192 0
163 -544 480 -480 480 0 10 0 0 0 0 0 0 0 5 0 0
w -96 224 -528 224 0
w -528 224 -528 336 0
w -272 320 -96 320 0
R -640 512 -672 512 1 2 4000000 2.5 2.5 0 0.6
c 0 80 0 192 0 0.0000020000000000000003 0.19145796657806446
w 0 80 112 80 0
r 112 80 112 192 0 10
r 112 -304 112 -192 0 10
w 48 -304 112 -304 0
c 48 -304 48 -192 0 0.0000020000000000000003 0.431246637434179
w -32 -192 48 -192 0
w -32 -176 -32 -192 0
w -32 -112 -32 -144 0
w -32 -112 48 -112 0
w -32 -80 -32 -112 0
w -32 -32 -32 -48 0
w 48 -32 -32 -32 0
f -96 -160 -32 -160 1 1.5 2
f -96 -64 -32 -64 0 1.5 2
R 112 -304 112 -352 0 0 40 5 0 0 0.5
g 112 -32 112 -16 0
w 112 -32 48 -32 0
w 112 -192 48 -192 0
w 176 -112 112 -112 0
d 48 -112 48 -192 1 0.805904783
d 48 -32 48 -112 1 0.805904783
r 224 -112 176 -112 0 0.2
r 288 -240 288 -176 0 0.05
r 224 -112 224 -64 0 0.2
g 288 -64 288 -16 0
R 288 -288 288 -336 0 0 40 12 0 0 0.5
w 288 -96 288 -64 0
c 288 -64 224 -64 0 2e-9 -4.568633149495421
w 288 -176 288 -128 0
w 224 -176 224 -112 0
c 288 -176 224 -176 0 2e-9 -4.022879956989747
f 224 -112 288 -112 0 1.2 20
w -96 -160 -352 -160 0
w -96 -160 -96 -64 0
w -320 32 -320 320 0
w -528 -64 -528 224 0
r 48 -112 112 -112 0 1.5
r 48 272 0 272 0 0.05
150 -352 -64 -352 -160 0 2 0 5
152 -336 32 -336 -64 0 2 0 5
w -352 -160 -416 -160 0
w -416 -160 -416 32 0
w -416 32 -352 32 0
w -368 -64 -528 -64 0
l 288 -288 288 -240 0 0.000009999999999999999 33.790944029170106
d 288 -176 352 -176 1 0.805904783
c 352 -176 352 -128 0 0.00001 44.359177418880975
g 352 -128 352 -112 0
r 352 -176 432 -176 0 5
g 432 -128 432 -112 0
g 352 256 352 272 0
c 352 208 352 256 0 0.00001 46.01695369677989
d 288 208 352 208 1 0.805904783
l 288 96 288 144 0 0.000009999999999999999 36.330607636701515
r 288 144 288 208 0 0.05
z 432 -128 432 -176 1 0.805904783 15
z 432 256 432 208 1 0.805904783 15
g 432 256 432 272 0
r 352 208 432 208 0 5
w -272 320 -320 320 0
150 -272 384 -272 352 0 2 0 5
w -256 384 -256 448 0
w -288 384 -288 400 0
w -288 400 -544 400 0
151 -528 384 -528 336 0 2 5 5
w -544 400 -544 384 0
I -640 400 -544 400 0 0.5 5
w -272 320 -272 352 0
w -640 416 -640 512 0
w -640 512 -544 512 0
w -640 400 -640 416 0
R -224 544 -224 576 0 0 40 5 0 0 0.5
w -512 384 -512 448 0
o 32 2 0 4098 5 0.1 0 1
o 15 2 0 12298 5.5799581281287045 0.0001 0 2 15 3
o 10 2 0 4097 5 3.2 0 2 10 3
o 36 16 3 4097 5 0.1 1 2 37 3
o 15 2 0 4098 20 0.1 2 2 64 0

