$ 1 0.00009999999999999999 12.050203812241895 45 5 50
f 48 304 96 304 16 2 80
g 96 320 96 336 0
g -144 320 -144 336 0
f -96 304 -144 304 16 2 80
c -96 240 -48 240 0 1.0000000000000001e-7 0.5445136015845344
r 48 240 48 304 0 10000000
r -96 240 -96 304 0 10000000
c 0 240 48 240 0 1.0000000000000001e-7 0.5445136015930103
w -144 240 -96 240 0
w -144 240 -144 288 0
w 48 240 96 240 0
w 96 240 96 288 0
w 0 240 -48 304 0
w -48 304 -96 304 0
w -48 240 0 304 0
w 0 304 48 304 0
181 96 192 96 240 0 2887.2172833844297 2 5 0.1 0.1
181 -144 240 -144 192 0 326.95156447831306 2 5 0.1 0.1
R -32 192 -32 160 0 0 40 5 0 0 0.5
w -144 192 -32 192 0
w -32 192 96 192 0
o 12 64 0 12546 7.09723649278843 0.0001 0 2 12 3
