$ 1 10.0E-6 1.5642631884188172 54 15.0 66
t 48 176 80 176 0 1 -14.524416831323471 0.45873235809238094 100.0
t 112 240 80 240 0 -1 13.155514603842647 -0.45873235809238094 100.0
t 80 304 128 304 0 1 -29.072979320027407 0.45933003350349466 100.0
t 128 368 80 368 0 1 -0.45933003350349466 0.4584749892202993 100.0
r 80 384 80 464 0 1000.0
r 128 368 128 464 0 50000.0
w 128 320 128 368 0
w 80 304 80 352 0
w 80 304 80 256 0
w 80 192 80 224 0
t 224 176 192 176 0 1 -14.524348068778691 0.45876673936477075 100.0
t 160 240 192 240 0 -1 13.003077911256218 -0.4587667393647708 100.0
w 192 192 192 224 0
w 112 240 160 240 0
w 160 240 160 272 0
w 192 256 192 304 0
t 128 368 192 368 0 1 -0.6117667260899236 0.4584749892202975 100.0
w 192 304 192 352 0
r 192 384 192 464 0 1000.0
w 80 464 128 464 0
w 128 464 192 464 0
R 80 464 32 464 0 0 40.0 -15.0 0.0 0.0 0.5
t 192 112 144 112 0 -1 0.0 -0.47558316867652906 100.0
t 192 112 288 112 0 -1 15.441881547508233 -0.47558316867652906 100.0
w 192 160 144 160 0
w 80 160 144 160 0
w 144 128 144 160 0
w 192 112 192 160 0
w 288 128 288 272 0
w 288 272 160 272 0
w 144 96 144 80 0
w 144 80 288 80 0
w 288 80 288 96 0
w 128 288 128 80 0
w 128 80 144 80 0
R 128 80 32 80 0 0 40.0 15.0 0.0 0.0 0.5
t 320 368 288 368 0 1 -13.514419339220254 0.4758368768112078 100.0
t 320 368 352 368 0 1 0.0 0.5681159445949842 100.0
w 288 272 288 352 0
r 288 384 288 464 0 5000.0
w 192 464 288 464 0
w 288 464 352 464 0
w 352 464 352 384 0
w 320 368 320 320 0
w 320 320 352 320 0
w 352 320 352 352 0
r 352 320 352 160 0 39000.0
t 416 112 352 112 0 -1 0.0 -0.5678758104275303 100.0
t 416 112 496 112 0 -1 13.570461032205355 -0.5678758104275303 100.0
w 352 128 352 160 0
w 416 112 416 160 0
w 416 160 352 160 0
w 288 80 352 80 0
w 352 80 352 96 0
w 352 80 496 80 0
w 496 80 496 96 0
w 496 128 496 160 0
w 496 160 528 160 0
t 528 160 576 160 0 1 -14.138336842632885 0.5304968797079701 100.0
t 576 208 528 208 0 1 -0.5304968797079701 0.004107850119627776 100.0
w 528 160 528 192 0
w 576 176 576 208 0
w 576 144 576 80 0
w 576 80 496 80 0
w 528 224 528 272 0
r 576 208 576 272 0 25.0
w 528 272 576 272 0
r 576 272 576 352 0 50.0
w 496 160 496 208 0
w 576 384 576 464 0
t 464 272 496 272 0 1 -0.36778983388140857 0.5648217349170979 100.0
r 464 272 464 208 0 4500.0
r 464 272 464 336 0 7500.0
w 464 336 496 336 0
w 496 336 496 288 0
w 496 256 496 208 0
w 496 208 464 208 0
t 496 368 576 368 0 -1 14.929051588568608 -0.3979658803531285 100.0
w 496 336 496 368 0
t 464 384 496 384 0 1 -14.326295192093617 0.5671551878197238 100.0
t 496 416 416 416 0 1 -1.0438561639037527 0.03560120865526706 100.0
r 496 416 496 464 0 50.0
w 464 384 464 432 0
r 464 432 464 464 0 50000.0
w 464 464 496 464 0
w 496 464 576 464 0
w 464 464 416 464 0
w 416 464 416 432 0
w 352 464 416 464 0
w 496 400 496 416 0
t 416 352 464 352 0 1 -13.849594216009589 0.47670097608402884 100.0
w 416 352 416 400 0
w 464 368 464 384 0
w 192 304 416 304 0
w 416 304 416 352 0
w 464 208 416 208 0
c 416 208 416 304 0 3.0E-11 14.782205784808095
O 608 272 640 272 0
g 48 176 48 224 0
w 224 176 224 48 0
r 224 48 608 48 0 2000.0
w 608 48 608 272 0
w 608 272 576 272 0
r 224 48 128 48 0 1000.0
R 128 48 80 48 0 1 40.0 5.0 0.0 0.0 0.5
x 13 183 32 189 0 24 %2b
x 225 211 239 217 0 24 -
o 97 16 0 34 20.0 9.765625E-5 0 -1
