$ 1 0.0000015625 10.20027730826997 50 5 50
402 192 464 320 464 0 0_0_40_-9_0_0_0.5 0_0_40_9_0_0_0.5 0_1_-7.256385568998182_0.5918155372619429_100 0_1_-0.5918155372619429_0.5915692298521886_100 0_1_0_0.5915692298521886_100 0_1_-7.835260202448538_0.5750751906035444_100 0_1_-7.840369757555514_0.5733720055678915_100 0_-1_0.5750702891220483_-0.574823981713557_100 0_-1_0_-0.574823981713557_100 0_-1_15.700221261291805_-0.5750702891220483_100 0_-1_0.5733671040862962_-0.5731207966779852_100 0_-1_0_-0.5731207966779852_100 0_-1_6.02846667125435_-0.5733671040862962_100 0_1_0_0.5748190802320501_100 0_1_-0.5750653876405405_0.5748190802320501_100 0_1_-9.675160960108778_0.5750653876405405_100 0_1_0_-0.014845527312218302_100 0_1_0_-0.01314234227656534_100
400 368 464 416 464 0 0_1_-7.174954572018631_0.46162569774035767_100 0_1_-7.636580269758989_0.577003710663759_100 1
r 416 480 416 560 0 10000
R 416 560 416 592 0 0 40 -9 0 0 0.5
w 192 496 160 496 0
w 160 496 160 368 0
r 160 368 256 368 0 10000
w 464 368 464 480 0
r 160 496 160 576 0 220.00000000000003
w 192 432 112 432 0
r 112 496 112 576 0 220.00000000000003
w 112 496 112 432 0
g 112 576 112 624 0
w 112 576 160 576 0
w 256 368 464 368 0
w 320 464 336 464 0
w 336 464 368 464 0
c 336 464 336 560 0 2.2000000000000003e-9 1.8250454279813693
w 304 352 304 304 1
r 304 304 304 224 0 20000
r 96 432 16 432 0 10000
c 16 432 -16 432 0 0.00001 0.04356165516177546
w 304 352 304 432 0
w 320 176 336 176 0
w 288 176 272 176 0
R 272 176 272 128 0 0 40 -6.5 0 0 0.5
R 336 176 336 128 0 0 40 30 0 0 0.5
S 304 224 304 176 0 1 false 0 2
g 336 560 336 576 0
w 96 432 112 432 0
v -16 432 -64 432 0 1 20 1 0 0 0.5
R -64 432 -80 432 0 1 20000 0.25 0 0 0.5
x 89 213 253 216 0 24 Control Voltage
O 464 480 512 480 0
w 416 448 416 416 0
R 416 416 416 384 0 0 40 9 0 0 0.5
w 464 480 416 480 0
o 2 64 0 12546 10.234579511149313 0.0001 0 2 2 3
