$ 1 0.000005 10.20027730826997 50 5 50
402 400 496 560 496 0 0_0_40_-9_0_0_0.5 0_0_40_9_0_0_0.5 0_1_-7.591821040735536_0.537175070024106_100 0_1_-0.537175070024106_0.5369287626247967_100 0_1_0_0.5369287626247967_100 0_1_-7.778368241883954_0.5186543317007427_100 0_1_-7.772811345334752_0.5205066305504984_100 0_-1_0.5186494302086286_-0.5184031228222352_100 0_-1_0_-0.5184031228222352_100 0_-1_15.925904696922487_-0.5186494302086286_100 0_-1_0.5205017290592329_-0.5202554216710773_100 0_-1_0_-0.5202554216710773_100 0_-1_8.145250108438379_-0.5205017290592329_100 0_1_0_0.5183982213301288_100 0_1_-0.5186445287165213_0.5183982213301288_100 0_1_-7.776949990784661_0.5186445287165213_100 0_1_0_0.5544505159112044_100 0_1_0_0.5525982170614487_100
400 592 496 656 496 0 0_1_-9.186007259168688_0.47278136193663833_100 0_1_-9.658788621105327_0.5881593748591852_100 1
w 560 496 576 496 0
w 576 496 592 496 0
r 576 496 576 640 0 33000
r 400 528 400 640 0 18000
w 400 640 576 640 0
c 400 640 320 640 0 0.00001 0.18802533380813358
R 320 640 272 640 0 4 40 1 0 0 0.5
r 400 528 256 528 0 470
r 400 464 256 464 0 470
w 256 464 256 528 0
g 256 528 256 544 0
w 400 496 384 496 0
r 384 496 384 352 0 10000
R 384 352 384 320 0 0 40 9 0 0 0.5
r 656 512 656 640 0 4700
R 656 640 656 672 0 0 40 -9 0 0 0.5
R 544 368 544 320 0 3 5 10 2.8 0 0.5
r 544 368 544 432 0 20000
R 656 352 656 320 0 0 40 9 0 0 0.5
w 656 352 656 480 0
w 544 432 544 464 1
o 16 64 0 4098 10 0.0125 0 2 16 3
