$ 1 5.0E-6 18 64 10.0 53
w 192 96 288 96 0
r 192 96 192 192 0 150000.0
r 192 192 192 304 0 56000.0
t 192 192 288 192 0 1 -9.442348352812836 0.5777055611167752
r 288 208 288 304 0 4700.0
w 192 304 288 304 0
c 144 192 192 192 0 3.0E-6 -4.905240822514835
R 144 192 96 192 0 1 40.0 3.0 0.0
g 192 304 192 336 0
R 192 96 96 96 0 0 40.0 20.0 0.0
r 288 96 288 176 0 4700.0
c 288 208 352 208 0 3.0E-6 4.826735289331256
r 352 208 352 304 0 10000.0
w 288 304 352 304 0
c 288 176 384 176 0 3.0E-6 15.221446280055797
r 384 176 384 304 0 10000.0
w 352 304 384 304 0
O 384 176 448 176 0
O 352 208 448 208 0
o 17 64 0 6 5.0 9.765625E-5 0
o 18 64 0 6 5.0 9.765625E-5 0
