$ 1 5.0E-6 13.097415321081861 58 5.0 50
c 128 224 192 224 0 5.0E-7 11.800776695055955
c 192 224 256 224 0 5.0E-7 2.013884192737342
c 256 224 320 224 0 5.0E-7 -0.3404389620445001
r 320 224 384 224 0 1000.0
r 192 224 192 304 0 1000.0
r 256 224 256 304 0 1000.0
g 192 304 192 320 0
g 256 304 256 320 0
a 384 240 480 240 0 15.0 -15.0 1000000.0
w 384 224 384 176 0
r 384 176 480 176 0 29000.0
w 480 176 480 240 0
w 480 240 496 240 0
w 496 240 496 144 0
w 496 144 128 144 0
w 128 144 128 224 0
O 496 240 544 240 0
g 384 256 384 304 0
o 3 64 0 34 0.625 0.0015625 0 -1
o 16 64 0 42 20.0 9.765625E-5 0 -1
