$ 1 0.000005 10.20027730826997 50 5 50
155 448 208 496 208 0 5
155 656 208 704 208 0 5
184 560 208 592 208 0 1
w 544 208 560 208 0
w 752 208 768 208 0
184 768 208 800 208 0 1
155 864 208 912 208 0 5
w 960 208 976 208 0
184 976 208 1008 208 0 1
155 1072 208 1120 208 0 5
R 368 336 320 336 1 2 100 2.5 2.5 0 0.5
w 368 336 448 336 0
w 448 336 448 240 0
w 448 336 656 336 0
w 656 336 656 240 0
w 656 336 864 336 0
w 864 336 864 240 0
w 864 336 1072 336 0
w 1072 336 1072 240 0
L 416 208 416 416 0 1 false 5 0
L 560 240 560 416 0 1 false 5 0
L 768 240 768 416 0 0 false 5 0
L 976 240 976 416 0 0 false 5 0
w 368 304 624 304 0
w 624 304 832 304 0
w 832 304 1040 304 0
L 368 224 320 224 0 1 false 5 0
M 1168 208 1232 208 0 2.5
w 416 208 448 208 0
I 368 224 368 304 0 0.5 5
x 294 194 390 197 4 24 load/shift
x 313 419 377 422 4 24 inputs
x 1201 165 1267 168 4 24 output
