$ 1 5.0E-6 16.13108636308289 65 5.0 50
158 432 224 464 224 0
c 528 224 528 256 0 1.0E-6 0
r 528 288 592 288 0 4000.0
r 528 320 592 320 0 100000.0
w 592 288 592 320 0
g 592 320 592 352 0
154 144 192 256 192 0 2 0.0
R 144 176 80 176 0 2 60.0 2.5 2.5 0.0 0.5
w 144 208 144 320 0
w 144 320 432 320 0
r 256 192 320 192 0 5000.0
c 320 192 320 224 0 9.0E-6 0
w 432 192 432 224 0
O 144 320 96 320 0
a 352 128 432 128 1 15.0 -15.0 1000000.0
w 320 192 320 112 0
w 320 112 352 112 0
w 352 144 352 192 0
w 352 192 432 192 0
w 432 192 432 128 0
r 320 224 320 272 0 1000.0
g 320 272 320 288 0
o 7 64 0 46 5.0 9.765625E-5 0 -1
o 13 64 0 46 5.0 9.765625E-5 0 -1
o 11 64 0 35 1.1692013098647223 0.001461501637330903 1 -1
