$ 1 5.0E-6 15.5 60 5.0
158 416 208 448 208 0
c 512 208 512 240 0 9.999999999999999E-7 0
r 512 272 576 272 0 3000.0
r 512 304 576 304 0 100000.0
w 576 272 576 304 0
g 576 304 576 336 0
R 128 160 64 160 0 2 120.0 2.5 2.5
w 128 192 128 304 0
w 128 304 416 304 0
w 416 176 416 208 0
O 128 304 80 304 0
a 336 112 416 112 1 15.0 -15.0
w 304 96 336 96 0
w 336 128 336 176 0
w 336 176 416 176 0
w 416 176 416 112 0
161 128 160 176 160 0
r 224 160 304 160 0 500.0
w 304 96 304 160 0
c 304 160 304 208 0 9.0E-5 0
r 304 208 304 256 0 1000.0
g 304 256 304 272 0
o 6 64 0 14 5.0 9.765625E-5 0
o 10 64 0 14 5.0 9.765625E-5 0
o 19 64 0 3 0.15625 0.05 1
38 6 3 50 200 Frequency
