$ 1 0.000005 14.841315910257661 64 5 50 5e-11
158 416 208 448 208 0
c 512 208 512 240 0 1e-8 -0.70771972176505 0.001
r 512 272 576 272 0 30000
r 512 304 576 304 0 1000000
w 576 272 576 304 0
g 576 304 576 336 0 0
R 128 160 64 160 0 2 970 2.5 2.5 0 0.5
w 128 192 128 304 0
w 128 304 416 304 0
g 304 240 304 272 0 0
w 416 176 416 208 0
O 128 304 80 304 0 0
a 336 112 416 112 9 15 -15 1000000 2.228905185701928 2.2289274747537853 100000
w 304 96 336 96 0
w 336 128 336 176 0
w 336 176 416 176 0
w 416 176 416 112 0
161 128 160 176 160 0
r 224 160 304 160 0 2000
w 304 96 304 160 0
c 304 160 304 192 0 0.000009999999999999999 2.2289274747536267 0.001
r 304 192 304 240 0 1000
o 6 16 0 4110 5 0.000048828125 0 2 6 3
o 11 16 0 4110 5 0.00009765625 0 1
o 20 64 0 4099 2.5 0.0025 1 2 20 3
38 6 3 100 1000 Frequency

