$ 1 0.000005 10.20027730826997 50 5 50
152 624 208 720 208 0 2 0 5
150 528 224 624 224 0 2 0 5
I 448 208 528 208 0 0.5 5
w 624 128 416 128 0
152 416 304 544 304 0 2 0 5
w 416 128 416 288 0
w 416 320 368 320 0
w 368 320 368 208 0
w 368 208 448 208 0
L 368 208 288 208 0 0 false 5 0
L 416 128 288 128 0 0 false 5 0
w 528 240 336 240 0
w 336 240 336 272 0
L 336 272 288 272 0 0 false 5 0
152 544 368 720 368 0 3 0 5
L 544 384 288 384 0 0 false 5 0
w 336 272 336 368 0
w 336 368 544 368 0
w 544 304 544 352 0
M 720 368 784 368 0 2.5
M 720 208 784 208 2 2.5
w 544 304 736 304 0
w 736 304 736 128 0
M 736 128 784 128 2 2.5
w 624 128 624 192 0
