$ 1 0.000019999999999999998 1.8479586061009856 50 1 50
166 448 496 464 496 0 4
166 448 368 464 368 0 4
164 224 368 256 368 0 8 5 5 0 5 5 5 5 5 false 0
R 160 208 128 208 0 1 1000 1 0 0 0.5
R 160 272 128 272 0 1 1000 1 0 1.5707963267948966 0.5
w 320 368 448 368 0
w 320 400 448 400 0
w 320 464 448 464 0
w 320 432 448 432 0
g 224 592 224 608 0
182 160 240 224 240 0 0.5 0 0.000001 5 0
w 224 240 224 368 0
w 160 208 160 240 0
w 160 272 576 272 0
w 576 272 576 432 0
w 560 592 560 464 0
w 624 432 576 432 0
w 608 400 608 208 0
w 608 208 160 208 0
w 544 368 624 368 0
w 544 496 624 496 0
g 1072 560 1072 576 0
213 976 528 1008 528 0 2 a*b*2/1000
167 1600 528 1616 528 0 4
168 1696 528 1728 528 0 4
w 896 272 896 560 0
w 896 560 976 560 0
w 976 528 848 528 0
w 848 528 848 368 0
w 1584 448 1584 656 0
w 1696 656 1584 656 0
160 1104 576 1136 576 0 0.01 10000000000
160 1168 576 1136 576 0 0.01 10000000000
c 1104 576 1104 640 2 0.000001 0.5000000233263506
g 1104 640 1104 656 0
g 1168 640 1168 656 0
c 1168 576 1168 640 2 0.000001 0.00019287725423230848
w 1152 592 1152 496 0
w 1152 496 1120 496 0
w 1120 496 1120 560 0
w 1136 560 1136 528 0
w 1136 528 1072 528 0
w 1136 528 1200 528 0
193 848 112 912 112 0 5
w 848 240 848 144 0
w 944 112 960 112 0
w 960 112 960 288 0
w 960 496 1120 496 0
w 848 240 1584 240 0
R 848 112 816 112 0 0 40 5 0 0 0.5
212 624 368 672 368 0 5 (a*2-d)*b\p(e*2-d)*c
w 544 592 560 592 0
w 608 400 624 400 0
g 720 400 720 416 0
w 720 368 848 368 0
w 560 464 544 464 0
w 560 464 624 464 0
R 560 688 560 720 0 0 40 1 0 0 0.5
w 560 688 560 592 0
w 1568 688 1568 624 0
w 1568 624 1600 624 0
w 1552 528 1600 528 0
w 1552 320 1600 320 0
w 1568 416 1600 416 0
w 1568 624 1568 416 0
w 960 288 1120 288 0
w 1136 320 1200 320 0
w 1136 320 1072 320 0
w 1136 352 1136 320 0
w 1120 288 1120 352 0
w 1152 288 1120 288 0
w 1152 384 1152 288 0
r 1136 416 1136 448 0 50
g 1136 448 1136 464 0
c 1168 368 1168 432 2 0.000001 0.00016320396758923896
g 1168 432 1168 448 0
g 1104 432 1104 448 0
c 1104 368 1104 432 2 0.000001 0.3666666894431859
160 1168 368 1136 368 0 0.01 10000000000
160 1104 368 1136 368 0 0.01 10000000000
w 1696 448 1584 448 0
w 976 320 848 320 0
w 928 352 976 352 0
168 1696 320 1728 320 0 4
167 1600 320 1616 320 0 4
213 976 320 1008 320 0 2 a*b*2/1000
g 1072 352 1072 368 0
w 960 288 960 496 0
w 928 352 928 208 0
w 848 320 848 368 0
w 1584 448 1584 240 0
w 320 560 448 560 0
w 320 592 448 592 0
w 320 528 448 528 0
w 320 496 448 496 0
w 928 208 784 208 0
w 784 272 896 272 0
w 784 208 784 240 0
182 784 240 848 240 0 0.5 0 0.000001 5 0
R 784 272 752 272 0 1 1000 1 0 1.5707963267948966 0.5
R 784 208 752 208 0 1 1000 1 0 0 0.5
R 1568 688 1568 720 0 0 40 1 0 0 0.5
w 1136 384 1136 416 0
w 1136 592 1136 624 0
g 1136 656 1136 672 0
r 1136 624 1136 656 0 50
w 1376 592 1376 624 0
160 1344 576 1376 576 0 0.01 10000000000
160 1408 576 1376 576 0 0.01 10000000000
c 1344 576 1344 640 2 0.000001 0.48019647273664645
g 1344 640 1344 656 0
g 1408 640 1408 656 0
c 1408 576 1408 640 2 0.000001 0.8410446469460054
r 1344 544 1296 544 0 10
w 1392 592 1392 496 0
w 1392 496 1360 496 0
w 1360 496 1360 560 0
w 1376 560 1376 544 0
w 1440 624 1440 528 0
w 1152 496 1360 496 0
w 1376 624 1440 624 0
212 1456 528 1504 528 0 2 a/2\pb/2\pb/32
w 1344 544 1376 544 0
g 1552 560 1552 576 0
w 1568 624 1456 624 0
w 1456 624 1456 560 0
w 1440 528 1456 528 0
w 1440 320 1456 320 0
w 1456 416 1456 352 0
w 1568 416 1456 416 0
g 1552 352 1552 368 0
w 1344 336 1376 336 0
212 1456 320 1504 320 0 2 a/2\pb/2\pb/32
w 1376 416 1440 416 0
w 1152 288 1360 288 0
w 1440 416 1440 320 0
w 1376 352 1376 336 0
w 1360 288 1360 352 0
w 1392 288 1360 288 0
w 1392 384 1392 288 0
r 1344 336 1296 336 0 10
c 1408 368 1408 432 2 0.000001 0.7258338713110282
g 1408 432 1408 448 0
g 1344 432 1344 448 0
c 1344 368 1344 432 2 0.000001 0.3664594038131631
160 1408 368 1376 368 0 0.01 10000000000
160 1344 368 1376 368 0 0.01 10000000000
w 1376 384 1376 416 0
M 1792 320 1824 320 0 2.5
M 1792 352 1824 352 0 2.5
M 1792 384 1824 384 0 2.5
M 1792 416 1824 416 0 2.5
M 1792 528 1824 528 0 2.5
M 1792 560 1824 560 0 2.5
M 1792 592 1824 592 0 2.5
M 1792 624 1824 624 0 2.5
O 1440 528 1440 496 0
O 1440 320 1440 288 0
a 1200 336 1296 336 9 15 -15 1000000 0.36666433395696657 0.36666800060030613 100000
a 1200 544 1296 544 9 15 -15 1000000 0.5000158634244022 0.5000208635830364 100000
w 1296 544 1296 592 0
w 1296 592 1200 592 0
w 1200 592 1200 560 0
w 1200 352 1200 384 0
w 1200 384 1296 384 0
w 1296 384 1296 336 0
r 1376 624 1376 656 0 50000
g 1376 656 1376 672 0
g 1376 448 1376 464 0
r 1376 416 1376 448 0 50000
403 640 592 800 752 0 157_64_0_4802_4.999999999999999e-16_1e-17_0_2_156_0
O 848 368 864 368 0
o 171 2 0 4098 2.5 0.1 0 1
o 18 2 0 4098 2.5 0.00009765625 0 2 18 3
o 13 2 0 4098 2.5 0.00009765625 0 2 13 3

