$ 1 5.0E-6 10 64 5.0
160 160 144 160 240 0
160 240 144 240 240 0
160 320 144 320 240 0
g 144 240 144 288 0
g 224 240 224 288 0
g 304 240 304 288 0
w 176 192 192 192 0
w 176 240 176 256 0
w 176 256 256 256 0
w 256 256 256 240 0
w 256 256 336 256 0
w 336 256 336 240 0
w 192 192 192 320 0
w 256 192 272 192 0
w 272 192 272 320 0
w 336 192 352 192 0
w 352 192 352 320 0
L 192 320 192 352 0 false false
L 272 320 272 352 0 false false
L 352 320 352 352 0 true false
r 160 144 160 80 0 100000.0
r 240 144 240 80 0 100000.0
r 320 144 320 80 0 100000.0
r 160 80 240 80 0 50000.0
r 240 80 320 80 0 50000.0
r 320 80 400 80 0 100000.0
g 400 80 400 112 0
w 416 256 416 224 0
w 528 224 528 272 0
O 528 272 592 272 1 1
w 336 256 416 256 0
r 416 224 528 224 0 50100.0
g 416 288 416 320 0
a 416 272 528 272 0 20.0 -20.0
r 160 80 80 80 0 50000.0
r 80 80 80 144 0 100000.0
160 80 144 80 240 0
w 96 192 112 192 0
w 112 192 112 320 0
g 64 240 64 288 0
L 112 320 112 352 0 true false
R 80 80 32 80 0 0 40.0 16.0 0.0
w 96 240 96 256 0
w 96 256 176 256 0
