$ 1 5.0E-6 10.20027730826997 45 5.0 50
178 224 192 336 192 1 1 0.2 0.21813393565127673 0.05 1000000.0 0.02 20.0
178 528 192 400 192 1 1 0.2 4.99990000199996E-6 0.05 1000000.0 0.02 20.0
w 352 176 384 224 0
w 352 224 384 176 0
w 224 192 224 144 0
w 224 144 528 144 0
w 528 144 528 192 0
R 224 144 160 144 0 0 40.0 5.0 0.0 0.0 0.5
s 336 240 336 320 0 0 true
s 400 240 400 320 0 0 true
g 336 320 336 336 0
g 400 320 400 336 0
x 247 286 317 290 0 16 set/reset
w 336 176 352 176 0
w 336 224 352 224 0
w 384 224 400 224 0
w 384 176 400 176 0
