$ 1 0.000024999999999999998 18.278915558614752 50 5 50 5e-11
178 496 224 592 224 6 1 0.1 -0.000009996201113725173 0.05 1000000 0.02 20 0.02 0.005 0
R 112 208 64 208 0 0 40 5 0 0 0.5
w 176 208 176 368 0
w 368 304 448 304 0
w 176 368 368 368 0
w 368 272 400 272 0
w 400 320 400 368 0
w 400 368 368 368 0
w 368 176 624 176 0
w 624 176 624 240 0
w 624 240 592 240 0
s 208 144 288 144 0 1 true
w 288 288 208 288 0
r 112 208 176 208 0 100
178 288 288 368 288 6 2 0.1 -0.000009996201131480698 0.05 1000000 0.02 20 0.02 0.005 0
w 208 288 208 144 0
w 368 256 416 256 0
w 416 256 416 224 0
w 448 224 496 224 0
w 368 224 368 176 0
w 416 352 416 256 0
g 448 304 448 336 0 0
w 416 224 448 224 0
w 288 144 288 240 0
x 225 97 268 100 4 16 toggle
w 288 352 416 352 0
w 368 320 400 320 0
w 400 272 400 320 0
w 592 256 624 256 0
w 624 240 624 256 0
g 496 256 496 320 0 0
w 288 352 288 320 0
