$ 1 0.000014999999999999999 10.20027730826997 44 5 50 5e-11
178 160 176 240 176 6 1 0.1 1.8267842230758357e-36 0.05 1000000 0.02 50 0.02 0.005 0
178 304 176 384 176 6 1 0.1 3.3549824270617293e-32 0.05 1000000 0.02 50 0.02 0.005 0
178 448 176 528 176 6 1 0.1 1.2799250188289348e-26 0.05 1000000 0.02 50 0.02 0.005 0
R 160 176 112 176 0 0 40 5 0 0 0.5
w 240 192 304 192 0
w 304 176 304 192 0
w 384 192 448 192 0
w 448 176 448 192 0
g 240 208 240 240 0 0
g 384 208 384 240 0 0
g 528 208 528 240 0 0
w 160 208 128 208 0
w 304 208 272 208 0
w 448 208 416 208 0
L 128 208 128 288 0 0 false 5 0
L 272 208 272 288 0 0 false 5 0
L 416 208 416 288 0 0 false 5 0
M 560 192 608 192 0 2.5
r 560 192 560 272 0 100
g 560 272 560 288 0 0
w 528 192 560 192 0
