$ 1 0.000014999999999999999 10.20027730826997 50 5 50 5e-11
178 128 160 208 160 6 1 0.1 2.459579987497603e-41 0.05 1000000 0.02 50 0.02 0.005 0
178 256 192 336 192 6 2 0.1 4.1637670184657593e-19 0.05 1000000 0.02 50 0.02 0.005 0
178 384 224 464 224 6 4 0.1 4.7322656990018015e-26 0.05 1000000 0.02 50 0.02 0.005 0
g 208 192 208 224 0 0
g 336 224 336 256 0 0
g 464 256 464 272 0 0
w 128 192 96 192 0
w 256 224 240 224 0
w 384 256 368 256 0
L 96 192 96 352 0 0 false 5 0
L 240 224 240 352 0 0 false 5 0
L 368 256 368 352 0 0 false 5 0
R 128 160 96 160 0 0 40 5 0 0 0.5
w 208 144 256 144 0
w 256 176 256 192 0
w 208 176 256 176 0
w 336 128 336 80 0
w 336 80 384 80 0
w 336 160 384 160 0
w 384 160 384 128 0
w 336 176 384 176 0
w 336 208 384 208 0
w 384 208 384 224 0
M 464 64 512 64 4 2.5
M 464 96 512 96 4 2.5
M 464 112 512 112 4 2.5
M 464 144 512 144 4 2.5
M 464 160 512 160 4 2.5
M 464 192 512 192 4 2.5
M 464 208 512 208 4 2.5
M 464 240 512 240 4 2.5
