$ 1 0.000014999999999999999 10.20027730826997 44 5 50 5e-11
178 112 176 192 176 6 1 0.1 2.0905488885966145e-12 0.05 1000000 0.02 50 0.02 0.005 0
178 304 176 384 176 6 1 0.1 1.8613931964894758e-33 0.05 1000000 0.02 50 0.02 0.005 0
178 480 176 560 176 6 1 0.1 1.746982166698622e-24 0.05 1000000 0.02 50 0.02 0.005 0
R 112 176 80 176 0 0 40 5 0 0 0.5
g 192 208 192 240 0 0
g 384 208 384 240 0 0
g 560 208 560 240 0 0
w 112 208 80 208 0
w 304 208 272 208 0
w 480 208 448 208 0
L 80 208 80 288 0 0 false 5 0
L 272 208 272 288 0 0 false 5 0
L 448 208 448 288 0 0 false 5 0
M 592 192 640 192 0 2.5
r 592 192 592 272 0 100
g 592 272 592 288 0 0
R 304 176 272 176 0 0 40 5 0 0 0.5
R 480 176 448 176 0 0 40 5 0 0 0.5
w 192 192 224 192 0
w 224 192 224 128 0
w 224 128 416 128 0
w 416 128 416 192 0
w 416 192 384 192 0
w 416 128 592 128 0
w 592 128 592 192 0
w 560 192 592 192 0
