$ 1 0.0001 2.1831051418620846 42 5 50 5e-11
178 80 352 176 352 2 3 0.02 0 0.05 1000000 0.02 20
178 80 128 176 128 2 2 0.02 0 0.05 1000000 0.02 20
R 176 64 208 64 0 0 40 6 0 0 0.5
w 176 112 192 112 0
w 192 112 192 368 0
w 192 368 176 368 0
w 176 96 208 96 0
g 208 96 208 112 0 0
w 176 144 176 192 0
w 176 192 80 192 0
w 80 192 80 176 0
w 80 160 64 160 0
w 64 256 80 256 0
w 176 368 176 416 0
w 176 416 80 416 0
w 80 416 80 400 0
w 80 384 48 384 0
g 48 432 48 448 0 0
w 80 304 48 304 0
w 48 304 48 48 0
w 48 48 240 48 0
w 240 48 240 80 0
w 80 192 32 192 0
w 32 192 32 352 0
w 32 352 80 352 0
w 240 128 240 320 0
w 176 320 240 320 0
w 176 272 224 272 0
162 224 384 224 432 3 old-default-led 1 0 0 0.01
g 224 432 224 448 0 0
R 80 256 80 288 0 0 40 6 0 0 0.5
w 224 272 224 304 0
r 224 304 224 384 0 100
r 448 304 448 384 0 100
w 448 272 448 304 0
R 320 256 320 288 0 0 40 6 0 0 0.5
g 448 432 448 448 0 0
162 448 384 448 432 3 old-default-led 1 0 0 0.01
w 400 272 448 272 0
w 400 320 464 320 0
w 464 128 464 320 0
w 496 128 464 128 0
w 272 352 320 352 0
w 272 192 272 352 0
w 320 192 272 192 0
w 496 48 496 80 0
w 288 48 496 48 0
w 288 304 288 48 0
w 320 304 288 304 0
g 288 432 288 448 0 0
w 320 384 288 384 0
w 320 416 320 400 0
w 400 416 320 416 0
w 400 368 400 416 0
w 304 256 320 256 0
w 320 160 304 160 0
w 320 192 320 176 0
w 400 192 320 192 0
w 400 144 400 192 0
g 432 96 432 112 0 0
w 400 96 432 96 0
w 416 368 400 368 0
w 416 112 416 368 0
w 400 112 416 112 0
R 400 64 432 64 0 0 40 6 0 0 0.5
178 320 128 400 128 2 2 0.02 0 0.05 1000000 0.02 20
178 320 352 400 352 2 3 0.02 0 0.05 1000000 0.02 20
w 240 80 320 80 0
w 240 128 320 128 0
r 688 304 688 384 0 100
w 688 272 688 304 0
R 544 256 544 288 0 0 40 6 0 0 0.5
g 688 432 688 448 0 0
162 688 384 688 432 3 old-default-led 1 0 0 0.01
w 640 272 688 272 0
w 496 352 544 352 0
w 496 192 496 352 0
w 544 192 496 192 0
w 544 304 512 304 0
g 512 432 512 448 0 0
w 544 384 512 384 0
w 544 416 544 400 0
w 640 416 544 416 0
w 640 368 640 416 0
w 528 256 544 256 0
w 544 160 528 160 0
w 544 192 544 176 0
w 640 192 544 192 0
w 640 144 640 192 0
g 656 96 656 112 0 0
w 640 96 656 96 0
w 656 368 640 368 0
w 656 112 656 368 0
w 640 112 656 112 0
R 640 64 656 64 0 0 40 6 0 0 0.5
178 544 128 640 128 2 2 0.02 0 0.05 1000000 0.02 20
178 544 352 640 352 2 3 0.02 0 0.05 1000000 0.02 20
w 496 80 544 80 0
w 496 128 544 128 0
w 80 80 80 64 0
w 80 64 16 64 0
w 80 128 16 128 0
159 16 64 16 128 0 1 10000000000
R 0 96 0 16 1 2 25 2.5 2.5 0 0.5
w 64 160 64 256 0
w 304 160 304 256 0
w 528 160 528 256 0
w 48 384 48 432 0
w 288 384 288 432 0
w 512 384 512 432 0
o 73 8 0 4101 2.3384026197294445 0.046768052394588894 0 2 73 3
o 37 8 0 4101 2.187250724783012 0.04374501449566024 0 2 37 3
o 28 8 0 4101 2.3384026197294445 0.046768052394588894 0 2 28 3
