$ 1 5.0E-6 10.20027730826997 47 5.0 50
178 176 192 272 192 0 1 0.1 4.3921117436851676E-10 0.05 1000000.0 0.02 50.0
178 400 192 304 192 0 1 0.1 1.9184076606594825E-6 0.05 1000000.0 0.02 50.0
w 272 176 304 208 0
w 272 208 304 176 0
R 176 192 144 192 0 0 40.0 5.0 0.0 0.0 0.5
g 176 240 176 256 0
g 400 240 400 256 0
w 176 224 144 224 0
w 400 224 432 224 0
L 144 224 144 304 0 0 false 5.0 0.0
L 432 224 432 304 0 0 false 5.0 0.0
w 400 192 480 192 0
r 480 192 480 272 0 100.0
g 480 272 480 288 0
M 480 192 528 192 0 2.5
