$ 1 0.000005 1.6308177459886661 50 5 50 5e-11
178 224 208 160 208 2 1 0.2 0.025479779273076757 0.05 1000000 0.02 20
c 304 160 304 224 0 0.0000032999999999999997 -0.6249682415552424 0.001
w 304 288 304 224 0
w 240 288 304 288 0
w 224 240 240 240 0
w 240 240 240 160 0
w 240 160 304 160 0
w 224 256 240 256 0
178 400 208 464 208 2 1 0.2 0.000004999734312147749 0.05 1000000 0.02 20
w 336 288 368 288 0
w 384 288 384 256 0
w 384 240 400 240 0
w 368 224 368 160 0
w 368 160 304 160 0
w 384 256 400 256 0
w 384 240 384 224 0
w 384 224 368 224 0
w 400 208 400 320 0
w 400 320 224 320 0
w 224 320 224 208 0
w 304 288 304 304 0
w 304 304 480 304 0
w 336 288 336 336 0
w 336 336 128 336 0
w 128 336 128 192 0
w 304 128 304 160 0
w 160 192 128 192 0
g 144 224 144 240 0 0
w 240 256 240 288 0
O 480 304 480 352 0 0
r 480 224 480 304 0 100
d 368 288 368 256 3 default
w 368 288 384 288 0
34 fwdrop\q0.805904783\szvoltage\q12 0 1.7143528192808883e-7 0 2 12 0
z 368 224 368 256 3 fwdrop\q0.805904783\szvoltage\q12
g 400 320 400 352 0 0
R 304 128 304 96 0 0 40 5 0 0 0.5
w 464 192 496 192 0
g 496 192 496 208 0 0
w 144 224 160 224 0
w 464 224 480 224 0
o 29 8 0 4354 17.498005798264096 9.765625e-105 0 1
