$ 1 0.000005 42.05934401203833 50 5 50
163 368 320 384 320 2 10 0 0 0 0 0 0 0 5 0 0
163 752 320 864 320 2 10 5 0 0 0 0 0 0 0 0 0
150 528 528 656 528 0 2 0 5
150 736 528 880 528 0 2 0 5
w 368 352 368 480 0
w 368 480 880 480 0
w 880 480 880 528 0
w 688 288 720 288 0
w 720 288 720 400 0
w 720 400 512 400 0
w 432 400 432 384 0
R 528 592 464 592 1 2 100 2.5 2.5 0 0.5
w 528 512 528 592 0
w 528 592 736 592 0
w 736 592 736 544 0
w 784 288 736 288 0
w 736 288 736 512 0
w 656 528 656 416 0
w 656 416 752 416 0
w 752 416 752 352 0
w 1072 288 1136 288 0
w 1136 288 1136 432 0
w 1072 432 688 432 0
w 688 432 688 384 0
w 1072 384 1072 432 0
I 1136 432 1072 432 0 0.5 5
w 512 400 512 544 0
w 512 544 528 544 0
M 432 288 432 224 0 2.5
M 464 288 464 224 0 2.5
M 496 288 496 224 0 2.5
M 528 288 528 224 0 2.5
M 560 288 560 224 0 2.5
M 592 288 592 224 0 2.5
M 624 288 624 224 0 2.5
M 656 288 656 224 0 2.5
M 816 288 816 224 0 2.5
M 848 288 848 224 0 2.5
M 880 288 880 224 0 2.5
M 912 288 912 224 0 2.5
M 944 288 944 224 0 2.5
M 976 288 976 224 0 2.5
M 1008 288 1008 224 0 2.5
M 1040 288 1040 224 0 2.5
w 432 400 512 400 0
g 816 384 816 400 0
