$ 1 5.0E-6 10 52 5.0
R 368 64 320 64 0 0 40.0 3.6 0.0
g 368 336 368 368 0
t 320 208 368 208 0 1 0.6378429407740765 0.6475693325578884
w 368 160 368 192 0
r 368 160 368 64 0 640.0
t 320 256 368 256 0 1 0.6376732762947126 0.6550300979283231
t 320 304 368 304 0 1 0.6375679404402763 0.6608122760347422
w 368 224 368 240 0
w 368 272 368 288 0
w 368 320 368 336 0
r 320 208 240 208 0 470.0
r 240 256 320 256 0 470.0
r 240 304 320 304 0 470.0
L 240 208 208 208 0 false false 3.6 0.0
L 240 256 208 256 0 false false 3.6 0.0
L 240 304 208 304 0 false false 3.6 0.0
M 368 160 432 160 0
