$ 1 5.0E-6 10.634267539816555 63 5.0 50
a 160 224 272 224 0 15.0 -15.0 1000000.0
w 160 240 160 304 0
w 160 304 272 304 0
r 272 224 272 304 0 100000.0
a 384 240 496 240 0 15.0 -15.0 1000000.0
r 272 304 352 304 0 40000.0
w 352 304 496 304 0
w 496 304 496 240 0
w 496 240 496 176 0
c 384 176 496 176 0 5.0E-7 4.758165877822716
w 384 176 384 224 0
g 384 256 384 272 0
O 496 240 560 240 0
w 160 208 128 208 0
g 128 208 128 240 0
r 384 176 320 176 0 5000.0
r 384 224 320 224 0 40000.0
d 272 176 320 176 1 0.805904783
d 320 224 272 224 1 0.805904783
w 272 176 272 224 0
o 12 64 0 42 10.0 9.765625E-5 0 -1
