$ 1 0.000015625 3.3115451958692312 53 15 50
a 176 336 288 336 0 15 -15 1000000 4.625095631819375 4.625238488359337
w 176 320 128 320 0
w 176 352 176 416 0
a 400 352 512 352 0 15 -15 1000000 0.000050067089031542284 0
w 512 416 512 352 0
w 512 352 512 288 0
c 400 288 512 288 0 0.000001 5.0067589702432596
w 400 288 400 336 0
r 288 336 400 336 0 1000
g 400 368 400 384 0
w 176 320 176 256 0
c 176 256 288 256 0 0.000001 -9.66055836432534
w 288 256 288 336 0
r 176 416 288 416 0 1000
w 288 416 512 416 0
c 176 416 176 480 0 0.000001 4.625238488359337
g 176 480 176 512 0
r 128 320 128 400 0 996
g 128 400 128 432 0
O 288 256 352 256 0
211 512 352 576 352 0 1 8000 1
o 19 8 0 2090 20 0.00009765625 0 -1 0
o 20 8 0 2082 20 0.00009765625 0 -1 0
