$ 1 0.000005 10.20027730826997 50 5 50
f 1184 336 1136 336 20 1.5 0.001
w 1184 336 1184 288 0
f 1184 256 1136 256 21 1.5 0.001
w 1136 272 1136 304 0
f 1216 256 1264 256 21 1.5 0.001
f 1216 336 1264 336 20 1.5 0.001
w 1136 304 1216 304 0
w 1216 304 1216 336 0
w 1184 256 1184 288 0
w 1184 288 1264 288 0
w 1264 288 1264 272 0
w 1264 288 1264 320 0
w 1216 304 1216 256 0
w 1264 240 1264 224 0
w 1136 224 1136 240 0
w 1136 352 1136 368 0
w 1136 368 1200 368 0
w 1200 368 1264 368 0
w 1264 368 1264 352 0
g 1200 368 1200 400 0
w 1136 320 1136 304 0
R 1200 224 1200 192 0 0 40 5 0 0 0.5
w 1136 224 1200 224 0
w 1200 224 1264 224 0
f 1088 176 1088 304 20 1.5 0.04
f 1312 176 1312 288 20 1.5 0.04
w 1104 304 1136 304 0
w 1264 288 1296 288 0
w 1264 560 1296 560 0
w 1104 576 1136 576 0
f 1312 448 1312 560 20 1.5 0.04
f 1088 448 1088 576 20 1.5 0.04
w 1200 496 1264 496 0
w 1136 496 1200 496 0
R 1200 496 1200 464 0 0 40 5 0 0 0.5
w 1136 592 1136 576 0
g 1200 640 1200 672 0
w 1264 640 1264 624 0
w 1200 640 1264 640 0
w 1136 640 1200 640 0
w 1136 624 1136 640 0
w 1136 496 1136 512 0
w 1264 512 1264 496 0
w 1216 576 1216 528 0
w 1264 560 1264 592 0
w 1264 560 1264 544 0
w 1184 560 1264 560 0
w 1184 528 1184 560 0
w 1216 576 1216 608 0
w 1136 576 1216 576 0
f 1216 608 1264 608 20 1.5 0.001
f 1216 528 1264 528 21 1.5 0.001
w 1136 544 1136 576 0
f 1184 528 1136 528 21 1.5 0.001
w 1184 608 1184 560 0
f 1184 608 1136 608 20 1.5 0.001
w 1088 176 1312 176 0
w 1088 448 1312 448 0
w 1360 288 1360 432 0
w 1328 288 1360 288 0
w 1360 432 1360 560 0
w 1360 560 1328 560 0
w 992 304 1072 304 0
w 992 576 1072 576 0
w 1088 448 1040 448 0
w 1088 176 1040 176 0
L 1040 176 960 176 2 1 false 5 0
w 1360 432 976 432 0
w 992 304 992 576 0
159 896 304 992 304 0 20 10000000000
159 912 432 976 432 0 20 10000000000
w 944 320 832 320 0
w 832 448 944 448 0
I 864 368 912 368 0 0.5 5
w 912 368 912 432 0
w 864 368 864 304 0
w 864 304 896 304 0
w 832 320 832 448 0
L 832 320 800 320 0 0 true 5 0
w 864 304 864 272 0
L 864 272 800 272 2 1 false 5 0
M 992 576 992 624 2 2.5
I 1040 176 1040 240 0 0.5 5
w 1040 240 1040 448 0
x 726 326 776 329 4 24 write
x 709 278 781 281 4 24 data\sin
x 877 630 963 633 4 24 data\sout
x 820 182 928 185 4 24 row\sselect
