$ 1 0.000012 14.235633750745258 57 5 50
f 240 176 192 176 97 1.5 0.02
f 128 176 160 176 96 1.5 0.02
r 176 64 176 128 0 50
r 304 64 304 128 0 350
w 176 192 176 224 0
w 176 224 304 224 0
w 304 192 304 224 0
w 304 64 176 64 0
w 304 224 416 224 0
c 416 224 416 288 0 0.00001 2.6650541405655286
g 416 288 416 320 0
O 416 224 480 224 0
w 240 176 240 256 0
I 240 320 240 256 0 0.5 5
w 128 176 128 320 0
w 128 320 240 320 0
w 240 320 352 320 0
L 128 320 80 320 0 0 false 5 0
v 176 64 112 64 0 1 500 1 0 0 0.5
w 304 64 416 64 0
p 416 64 416 112 0 0
g 416 112 416 144 0
R 112 64 80 64 0 1 40 1 2.5 0 0.5
f 240 176 288 176 96 1.5 0.02
f 352 176 320 176 97 1.5 0.02
w 352 176 352 320 0
w 160 160 176 160 0
w 176 160 192 160 0
w 160 192 176 192 0
w 176 192 192 192 0
w 288 160 304 160 0
w 304 160 320 160 0
w 288 192 304 192 0
w 304 192 320 192 0
g 160 176 160 208 0
g 288 176 288 208 0
w 176 128 176 160 0
w 304 128 304 160 0
w 192 176 192 240 0
w 192 240 320 240 0
w 320 240 320 176 0
R 192 240 160 240 0 0 40 5 0 0 0.5
o 20 32 0 4098 5 0.0000244140625 0 1
o 11 32 0 4098 5 0.0000244140625 1 1
