$ 3 5.0E-6 10.391409633455755 50 5.0 50
160 312 192 248 192 1
160 312 272 248 272 1
160 312 352 248 352 1
160 312 112 248 112 1
160 376 152 312 152 1
160 376 312 312 312 1
160 440 232 376 232 1
w 376 152 376 216 0
w 376 248 376 312 0
w 312 272 312 296 0
w 312 328 312 352 0
w 312 168 312 192 0
w 312 112 312 136 0
O 440 232 496 232 1 1
r 168 208 168 256 0 100.0
r 168 256 168 304 0 100.0
r 168 304 168 352 0 100.0
r 168 352 168 400 0 100.0
r 168 208 168 160 0 100.0
r 168 160 168 112 0 100.0
r 168 112 168 64 0 100.0
w 168 64 248 64 0
w 248 64 248 96 0
w 168 112 216 112 0
w 168 160 248 160 0
w 248 160 248 176 0
w 168 208 248 208 0
w 168 256 248 256 0
w 168 304 248 304 0
w 248 304 248 288 0
w 168 352 208 352 0
w 208 352 208 336 0
w 208 336 248 336 0
w 168 400 248 400 0
w 248 400 248 368 0
w 216 112 216 128 0
w 216 128 248 128 0
82 168 64 168 32 0 0 40.0 7.001 0.0 0.0 0.5
g 168 400 168 424 0
w 280 128 280 208 0
w 280 208 280 288 0
w 280 288 280 368 0
w 344 168 344 328 0
w 408 248 408 368 0
w 344 328 344 368 0
L 408 368 464 368 0 false false 5.0 0.0
w 344 368 344 400 0
L 344 400 464 400 0 false false 5.0 0.0
w 280 368 280 432 0
L 280 432 464 432 0 false false 5.0 0.0
