$ 3 5.0E-6 10 50 5.0
156 80 272 128 272 0 0.0
156 208 272 240 272 0 5.0
156 336 272 368 272 0 0.0
156 464 272 480 272 0 5.0
w 464 272 448 272 0
w 448 272 448 336 0
w 448 336 464 336 0
w 320 336 336 336 0
w 320 336 320 272 0
w 320 272 336 272 0
w 208 272 192 272 0
w 192 272 192 336 0
w 192 336 208 336 0
w 80 272 64 272 0
w 64 272 64 336 0
w 64 336 80 336 0
w 560 272 560 88 0
w 432 272 432 112 0
w 176 272 176 160 0
M 560 88 592 88 2 2.5
R 64 272 32 272 0 0 40.0 5.0 0.0
R 80 384 32 384 1 2 200.0 2.5 2.5
w 80 304 80 384 0
w 176 272 192 272 0
w 80 384 208 384 0
w 208 384 208 304 0
w 336 304 336 384 0
w 336 384 208 384 0
w 336 384 464 384 0
w 464 384 464 304 0
150 336 200 336 272 1 2 0.0
w 304 272 304 136 0
w 304 136 328 136 0
w 328 136 328 200 0
w 344 160 344 200 0
w 176 160 344 160 0
150 464 200 464 272 1 3 0.0
w 344 160 472 160 0
w 472 160 472 200 0
w 328 136 464 136 0
w 464 136 464 200 0
w 432 112 456 112 0
w 456 112 456 200 0
M 472 160 592 160 2 2.5
M 464 136 592 136 2 2.5
M 456 112 592 112 2 2.5
