$ 1 5.0E-12 14.304574186067095 50 5.0 50
171 112 32 528 32 0 1.0E-8 75.0 64 0.0
r 112 32 64 32 0 75.0
w 64 96 112 96 0
w 528 32 560 32 0
w 528 96 560 96 0
r 560 32 560 96 0 75.0
v 64 96 64 32 0 2 1.0E7 2.5 2.5 0.0 0.03
g 528 96 528 112 0
171 112 144 528 144 0 1.0E-8 75.0 64 0.0
r 112 144 64 144 0 75.0
w 64 208 112 208 0
w 528 144 560 144 0
w 528 208 560 208 0
r 560 144 560 208 0 10000.0
v 64 208 64 144 0 2 1.0E7 2.5 2.5 0.0 0.03
g 528 208 528 224 0
171 112 256 528 256 0 1.0E-8 75.0 64 0.0
r 112 256 64 256 0 75.0
w 64 320 112 320 0
w 528 256 560 256 0
w 528 320 560 320 0
r 560 256 560 320 0 10.0
v 64 320 64 256 0 2 1.0E7 2.5 2.5 0.0 0.03
g 528 320 528 336 0
171 112 368 528 368 0 1.0E-8 75.0 64 0.0
r 112 368 64 368 0 10.0
w 64 432 112 432 0
w 528 368 560 368 0
w 528 432 560 432 0
r 560 368 560 432 0 10000.0
v 64 432 64 368 0 2 1.0E7 2.5 2.5 0.0 0.03
g 528 432 528 448 0
