$ 1 5.0E-6 5.6 68 15.0 60
t 144 208 176 208 0 1 -15.095449051751599 0.5174493144866628
t 368 208 304 208 0 1 -8.193950382547882 0.5162742583726527
w 176 224 176 256 0
w 304 224 304 256 0
r 176 256 240 256 0 1000.0
r 240 256 304 256 0 1000.0
r 240 256 240 336 0 75000.0
r 304 128 304 48 0 75000.0
w 176 48 304 48 0
R 176 48 144 48 0 0 40.0 15.0 0.0
R 240 336 176 336 0 0 40.0 -15.0 0.0
R 144 208 96 208 0 1 40.0 0.1 0.0
v 368 208 432 208 0 1 40.0 -0.1 0.0
R 432 208 464 208 0 1 200.0 0.1 0.0
p 368 208 368 272 0
g 368 272 368 304 0
w 304 128 304 192 0
w 176 48 176 192 0
O 304 128 384 128 0
x 122 190 138 190 0 14 in 1
x 345 191 361 191 0 14 in 2
o 11 32 0 2 0.15625 9.765625E-5 0
o 14 32 0 2 0.3125 9.765625E-5 0
o 18 32 0 2 12.0 9.765625E-5 1 output
