$ 1 5.0E-6 10 54 5.0
t 144 192 144 272 0 1 0.5874809043486446 -3.7727363939084873
t 160 272 208 272 0 1 0.602697396937354 0.6397827017428683
L 128 272 64 272 0 false false
r 144 192 144 112 0 4700.0
R 144 112 64 112 0 0 40.0 5.0 0.0
w 144 112 208 112 0
t 304 192 304 272 0 1 0.5908763474738555 0.5911276058707033
t 320 272 368 272 0 1 -0.03683404640866654 2.512583968477912E-4
r 304 112 304 192 0 4700.0
w 208 112 304 112 0
w 304 112 368 112 0
r 368 112 368 192 0 1000.0
w 368 192 432 192 0
M 432 192 480 192 0
L 288 272 240 272 0 true false
r 208 112 208 192 0 1000.0
w 208 192 208 224 0
w 368 192 368 256 0
w 208 224 432 224 0
w 432 224 432 192 0
w 208 224 208 256 0
g 208 288 208 320 0
g 368 288 368 320 0
