$ 3 0.000005 10.20027730826997 50 5 50 5e-11
150 392 472 432 472 1 3 0 5
150 392 504 432 504 1 3 0 5
150 392 536 432 536 1 3 0 5
150 392 568 432 568 1 3 0 5
153 440 520 496 520 1 4 5 5
w 432 504 432 512 0
w 432 512 440 512 0
w 432 536 432 528 0
w 432 528 440 528 0
w 432 568 440 568 0
w 440 568 440 536 0
w 432 472 440 472 0
w 440 472 440 504 0
w 440 328 440 360 0
w 432 328 440 328 0
w 440 424 440 392 0
w 432 424 440 424 0
w 432 384 440 384 0
w 432 392 432 384 0
w 432 368 440 368 0
w 432 360 432 368 0
153 440 376 496 376 1 4 0 5
150 392 424 432 424 1 3 0 5
150 392 392 432 392 1 3 0 5
150 392 360 432 360 1 3 0 5
150 392 328 432 328 1 3 5 5
w 440 40 440 72 0
w 432 40 440 40 0
w 440 136 440 104 0
w 432 136 440 136 0
w 432 96 440 96 0
w 432 104 432 96 0
w 432 80 440 80 0
w 432 72 432 80 0
153 440 88 496 88 1 4 0 5
150 392 136 432 136 1 3 0 5
150 392 104 432 104 1 3 0 5
150 392 72 432 72 1 3 0 5
150 392 40 432 40 1 3 5 5
w 440 184 440 216 0
w 432 184 440 184 0
w 440 280 440 248 0
w 432 280 440 280 0
w 432 240 440 240 0
w 432 248 432 240 0
w 432 224 440 224 0
w 432 216 432 224 0
153 440 232 496 232 1 4 0 5
150 392 280 432 280 1 3 0 5
150 392 248 432 248 1 3 0 5
150 392 216 432 216 1 3 0 5
150 392 184 432 184 1 3 5 5
w 392 32 384 32 0
w 384 32 384 208 0
w 384 208 392 208 0
I 496 56 544 56 0 0.5 5
I 496 200 544 200 0 0.5 5
I 496 344 544 344 0 0.5 5
I 496 488 544 488 0 0.5 5
156 544 56 600 56 0 5
156 544 200 616 200 0 5
156 544 344 600 344 0 5
156 544 488 600 488 0 0
w 496 88 496 120 0
w 496 120 544 120 0
w 496 232 496 264 0
w 496 264 544 264 0
w 496 376 496 408 0
w 496 408 544 408 0
w 496 520 496 552 0
w 496 552 544 552 0
w 496 88 496 56 0
w 496 232 496 200 0
w 496 376 496 344 0
w 496 520 496 488 0
w 392 40 376 40 0
w 376 40 376 136 0
w 376 136 392 136 0
w 376 136 376 184 0
w 376 184 392 184 0
w 376 184 376 280 0
w 376 280 392 280 0
w 376 280 376 328 0
w 376 328 392 328 0
w 376 328 376 424 0
w 376 424 392 424 0
w 376 424 376 472 0
w 376 472 392 472 0
w 376 472 376 568 0
w 376 568 392 568 0
w 392 48 368 48 0
w 368 48 368 80 0
w 368 80 392 80 0
w 368 80 368 192 0
w 368 192 392 192 0
w 368 192 368 224 0
w 368 224 392 224 0
w 368 224 368 336 0
w 368 336 392 336 0
w 368 336 368 368 0
w 368 368 392 368 0
w 368 368 368 480 0
w 368 480 392 480 0
w 368 480 368 512 0
w 368 512 392 512 0
w 392 72 360 72 0
w 360 72 360 104 0
w 360 104 392 104 0
w 360 104 360 216 0
w 360 216 392 216 0
w 360 216 360 248 0
w 360 248 392 248 0
w 360 248 360 360 0
w 360 360 392 360 0
w 360 360 360 392 0
w 360 392 392 392 0
w 360 392 360 504 0
w 360 504 392 504 0
w 360 504 360 536 0
w 360 536 392 536 0
w 392 112 352 112 0
w 352 112 352 128 0
w 352 128 392 128 0
w 352 128 352 256 0
w 352 256 392 256 0
w 352 256 352 272 0
w 352 272 392 272 0
w 352 272 352 400 0
w 352 400 392 400 0
w 352 400 352 416 0
w 352 416 392 416 0
w 352 416 352 544 0
w 352 544 392 544 0
w 352 544 352 560 0
w 352 560 392 560 0
w 384 32 384 16 0
w 384 16 640 16 0
w 640 16 640 56 0
w 392 144 344 144 0
w 344 144 344 160 0
w 344 160 344 176 0
w 344 176 392 176 0
w 344 160 640 160 0
w 640 160 640 200 0
w 344 176 344 352 0
w 344 352 392 352 0
w 392 496 384 496 0
w 384 496 384 320 0
w 384 320 392 320 0
w 384 320 384 304 0
w 384 304 384 288 0
w 384 288 392 288 0
w 384 304 640 304 0
w 640 304 640 344 0
w 392 432 392 448 0
w 392 448 392 464 0
w 392 448 640 448 0
w 640 448 640 488 0
I 248 24 296 24 0 0.5 5
I 272 48 320 48 0 0.5 5
w 248 24 248 72 0
w 248 72 360 72 0
w 296 24 376 24 0
w 376 24 376 40 0
w 320 48 368 48 0
w 272 48 272 112 0
w 272 112 352 112 0
w 544 88 544 232 0
w 544 232 544 376 0
w 544 376 544 520 0
L 248 24 208 24 0 0 false 5 0
L 272 48 208 48 0 0 false 5 0
L 256 88 208 88 0 0 false 5 0
L 256 112 208 112 0 0 false 5 0
w 256 64 256 88 0
w 256 64 392 64 0
w 392 96 256 96 0
w 256 96 256 112 0
L 392 240 208 240 0 0 false 5 0
L 392 384 208 384 0 0 false 5 0
L 392 528 208 528 0 0 false 5 0
L 392 576 208 576 0 0 false 5 0
w 544 520 544 616 0
w 544 616 432 616 0
I 392 616 432 616 0 0.5 5
M 640 56 712 56 0 2.5
M 640 200 712 200 0 2.5
M 640 344 712 344 0 2.5
M 640 488 712 488 0 2.5
x 165 30 183 33 4 15 S1
R 392 616 208 616 1 2 100 2.5 2.5 0 0.5
x 165 53 183 56 4 15 S0
x 123 95 198 98 4 15 serial\sin\sleft
x 121 119 197 122 4 15 parallel\sin\s3
x 120 247 196 250 4 15 parallel\sin\s2
x 123 393 199 396 4 15 parallel\sin\s1
x 124 536 200 539 4 15 parallel\sin\s0
x 112 581 197 584 4 15 serial\sin\sright
423 21 260 20 369 0
423 -29 281 97 281 0
423 -7 262 -8 370 0
x 30 296 95 299 4 15 hold\sstate
x 29 362 90 365 4 15 load\sdata
x 29 318 80 321 4 15 shift\sleft
x 29 339 89 342 4 15 shift\sright
x 26 274 93 277 4 15 Behaviour
x 2 341 10 344 4 15 L
x 2 297 10 300 4 15 L
x -25 320 -17 323 4 15 L
x -25 298 -17 301 4 15 L
x -27 365 -17 368 4 15 H
x 3 367 13 370 4 15 H
x 0 320 10 323 4 15 H
x -26 341 -16 344 4 15 H
x -3 275 15 278 4 15 S0
x -27 275 -9 278 4 15 S1
