$ 3 0.000005 10.20027730826997 50 5 50 5e-11
156 80 272 128 272 0 0
w 80 272 64 272 0
w 64 272 64 336 0
w 64 336 80 336 0
R 64 272 32 272 0 0 40 5 0 0 0.5
R 80 408 -64 408 1 2 200 2.5 2.5 0 0.5
w 80 304 80 408 0
w 176 184 792 184 0
150 176 216 224 216 1 2 0 5
152 224 272 272 272 1 2 0 5
156 272 272 416 272 0 5
w 224 216 224 264 0
150 176 344 224 344 1 2 0 5
w 224 344 224 280 0
L 0 336 -48 336 0 1 false 5 0
w 0 336 0 208 0
w 0 208 176 208 0
w 0 336 0 368 0
I 0 368 64 368 0 0.5 5
w 64 368 176 368 0
w 176 352 176 368 0
w 80 408 248 408 0
w 248 408 248 304 0
w 248 304 272 304 0
w 272 272 272 336 0
w 176 184 176 224 0
w 176 224 176 272 0
150 384 224 424 224 1 2 0 5
w 224 216 384 216 0
w 384 232 368 232 0
w 368 232 368 272 0
w 368 232 368 152 0
156 472 272 616 272 0 5
152 424 272 472 272 1 2 0 5
150 368 344 424 344 1 2 0 5
w 424 280 424 344 0
w 424 224 424 264 0
w 248 408 456 408 0
w 368 368 368 352 0
w 472 272 472 336 0
w 456 304 456 408 0
w 456 304 472 304 0
w 224 344 224 368 0
w 224 368 368 368 0
w 424 368 568 368 0
w 768 88 768 272 0
w 656 304 672 304 0
w 656 304 656 408 0
w 672 272 672 336 0
w 568 368 568 352 0
w 456 408 656 408 0
w 624 232 624 264 0
w 624 280 624 344 0
150 568 344 624 344 1 2 0 5
152 624 272 672 272 1 2 0 5
156 672 272 816 272 0 0
w 568 240 568 120 0
w 584 240 568 240 0
w 424 224 584 224 0
150 584 232 624 232 1 2 0 5
w 568 272 568 240 0
w 424 344 424 368 0
x -89 311 -15 314 4 18 Up/Down
419 792 88 856 88 0 4
w 768 88 792 88 0
w 568 120 792 120 0
w 368 152 792 152 0
