$ 1 1.5e-12 11.086722712598126 59 5 50
172 368 224 368 176 0 6 0 20 0 0 0.5 Control Voltage
r 368 224 368 304 0 1000
w 368 304 432 304 0
g 432 432 432 448 0
r 432 384 432 432 0 1
l 432 224 528 224 0 3.0000000000000004e-8 0.0033989843416793023
c 528 224 624 224 0 1e-10 -1.597374029946479
r 528 224 528 368 0 3300
g 528 368 528 384 0
r 624 224 624 128 0 1000
g 624 128 624 112 0
r 672 224 672 128 0 5000
w 624 224 672 224 0
c 672 224 672 320 0 2e-12 -0.10827863620804112
c 672 320 672 400 0 3e-12 0.5341163100497173
g 672 400 672 416 0
w 672 320 752 320 0
r 752 320 752 400 0 220
g 752 400 752 416 0
c 752 320 848 320 0 1.5e-12 0.5312866351533015
r 848 320 848 400 0 50
g 848 400 848 416 0
t 672 224 752 224 0 1 -4.574162326157262 -0.10827863620804112 100
w 752 240 752 320 0
r 752 208 752 128 0 10
w 672 128 752 128 0
c 752 128 832 128 0 1e-10 4.9999999999983995
r 832 128 880 128 0 10
g 880 128 880 160 0
R 752 128 752 80 0 0 40 5 0 0 0.5
176 432 224 432 304 1 0.805904783 -0.4042229013418758 4e-12
176 432 384 432 304 1 0.805904783 -0.1976462931920824 4e-12
o 20 2 0 4106 0.7412985607642125 0.0001 0 2 20 3
