$ 1 0.000005 0.2500940013662129 64 5 50 5e-11
a 240 176 336 176 9 15 -15 1000000 0.4858858347778524 0.48589394081123405 100000
r 240 256 240 352 0 10000
w 336 256 336 176 0
w 240 256 240 192 0
w 240 160 160 160 0
r 160 160 160 352 0 1000
g 240 352 240 368 0 0
g 160 352 160 368 0 0
c 176 80 240 80 0 1.0000000000000001e-7 -0.17316154670628614 0.001
w 176 80 160 80 0
w 160 80 160 160 0
l 240 80 336 80 0 0.1 -0.0004858939408112288 0
c 336 80 336 176 0 1.5000000000000002e-8 0.4088638503528417 0.001
d 400 80 400 176 3 default
w 336 176 400 176 0
w 336 80 400 80 0
r 400 80 496 80 0 20000
R 496 80 544 80 0 0 40 20 0 0 0.5
O 160 160 128 160 0 0
174 240 256 336 288 0 10000 0.6683 Resistance
w 288 304 336 304 0
w 336 304 336 256 0
w 288 288 288 304 0
o 8 64 0 4291 4.676805239458889 2.993155353253689 0 2 18 0
o 12 64 0 4291 9.353610478917778 2.993155353253689 1 2 18 0
