$ 1 5.0E-6 10.812258501325767 50 5.0 50
f 368 368 480 368 6 3.25
w 480 384 480 400 0
w 368 320 368 336 0
w 288 320 288 336 0
w 288 336 368 336 0
w 480 336 480 352 0
w 288 272 288 288 0
w 288 272 368 272 0
w 368 272 368 288 0
w 368 256 368 272 0
w 368 208 368 224 0
R 368 176 368 144 0 0 40.0 2.5 0.0 0.0 0.5
w 320 192 240 192 0
w 240 192 240 304 0
w 320 240 320 304 0
w 320 240 208 240 0
w 208 240 208 368 0
w 208 368 368 368 0
w 176 192 240 192 0
w 176 192 176 416 0
w 176 416 368 416 0
f 416 64 480 64 7 3.25
w 480 16 480 48 0
w 432 16 480 16 0
w 480 240 480 336 0
M 480 240 544 240 1 2.5
w 416 64 176 64 0
w 176 64 176 192 0
w 208 240 208 112 0
L 176 192 80 192 1 2 false 5.0 0.0
L 208 240 80 240 1 1 false 5.0 0.0
R 432 16 384 16 0 0 40.0 5.0 0.0 0.0 0.5
w 480 144 480 240 0
f 416 112 480 112 7 3.25
w 480 80 480 96 0
w 480 128 480 144 0
w 208 112 416 112 0
f 368 416 432 416 6 3.25
g 480 400 480 416 0
g 432 432 432 448 0
w 368 336 432 336 0
w 432 336 432 400 0
w 432 336 480 336 0
f 240 304 288 304 6 -1.75
f 320 304 368 304 6 -1.75
f 320 192 368 192 7 -1.75
f 320 240 368 240 7 -1.75
