$ 3 5.0E-6 10.20027730826997 50 5.0 50
L 240 40 240 16 2 0 false 5.0 0.0
L 288 40 288 16 2 1 false 5.0 0.0
L 336 40 336 16 2 0 false 5.0 0.0
L 384 40 384 16 2 1 false 5.0 0.0
I 240 40 240 88 0 0.5
I 288 40 288 88 0 0.5
I 336 40 336 88 0 0.5
I 384 40 384 88 0 0.5
w 288 40 312 40 0
w 312 40 312 104 0
151 40 176 40 224 1 4 0.0
151 96 176 96 224 1 3 5.0
151 152 176 152 224 1 2 5.0
151 208 176 208 224 1 4 5.0
151 568 176 568 224 1 3 5.0
151 520 176 520 224 1 3 5.0
151 472 176 472 224 1 3 5.0
151 424 176 424 224 1 3 5.0
151 368 176 368 224 1 3 5.0
150 272 176 272 224 1 2 5.0
152 320 176 320 224 1 2 5.0
w 312 104 88 104 0
w 88 104 88 176 0
w 312 104 480 104 0
w 480 104 528 104 0
w 528 104 576 104 0
w 576 104 576 176 0
w 528 176 528 104 0
w 480 176 480 104 0
w 336 40 360 40 0
w 360 40 360 112 0
w 160 176 160 112 0
w 96 176 96 112 0
w 96 112 160 112 0
w 160 112 360 112 0
w 360 112 424 112 0
w 424 112 424 176 0
w 424 112 568 112 0
w 568 112 568 176 0
w 384 40 408 40 0
w 408 40 408 120 0
w 408 120 520 120 0
w 520 120 520 176 0
w 408 120 376 120 0
w 376 176 376 120 0
w 376 120 224 120 0
w 224 120 224 176 0
w 224 120 104 120 0
w 104 120 104 176 0
w 240 88 240 128 0
w 240 128 216 128 0
w 216 128 216 176 0
w 216 128 24 128 0
w 24 128 24 176 0
w 240 128 328 128 0
w 328 128 328 176 0
w 288 88 288 136 0
w 280 176 280 136 0
w 280 136 288 136 0
w 200 176 200 136 0
w 280 136 200 136 0
w 200 136 144 136 0
w 144 136 144 176 0
w 144 136 32 136 0
w 32 136 32 176 0
w 288 136 360 136 0
w 360 136 360 176 0
w 360 136 432 136 0
w 432 136 432 176 0
w 336 88 336 144 0
w 336 144 368 144 0
w 368 144 368 176 0
w 368 144 472 144 0
w 472 144 472 176 0
w 336 144 264 144 0
w 264 144 264 176 0
w 264 144 192 144 0
w 192 144 192 176 0
w 192 144 48 144 0
w 48 144 48 176 0
w 384 88 384 152 0
w 472 144 512 144 0
w 512 144 512 176 0
w 384 152 416 152 0
w 416 152 416 176 0
w 416 152 464 152 0
w 464 152 464 176 0
w 464 152 560 152 0
w 560 152 560 176 0
w 384 152 240 152 0
w 240 152 56 152 0
w 56 152 56 176 0
w 272 224 296 224 0
w 296 224 296 176 0
w 296 176 312 176 0
150 56 288 56 336 1 4 0.0
150 232 288 232 336 1 4 5.0
150 384 288 384 336 1 4 5.0
150 336 288 336 336 1 3 5.0
150 288 288 288 336 1 2 5.0
150 176 288 176 336 1 3 5.0
150 120 288 120 336 1 4 5.0
w 40 224 40 288 0
w 240 152 240 232 0
w 240 232 168 232 0
w 168 232 168 288 0
w 176 288 176 240 0
w 176 240 240 240 0
w 240 240 240 288 0
w 240 240 400 240 0
w 400 240 400 288 0
w 400 240 472 240 0
w 472 240 472 224 0
w 184 288 184 256 0
w 184 256 128 256 0
w 128 256 128 288 0
w 128 256 64 256 0
w 64 256 64 288 0
w 48 288 48 248 0
w 72 288 72 264 0
w 72 264 136 264 0
w 136 264 136 288 0
w 48 248 96 248 0
w 96 248 96 224 0
w 96 248 112 248 0
w 112 248 112 288 0
w 152 224 152 232 0
w 152 232 104 232 0
w 104 232 104 288 0
w 392 288 392 248 0
w 392 248 344 248 0
w 344 248 344 288 0
w 392 248 568 248 0
w 568 248 568 224 0
w 112 248 224 248 0
w 224 248 224 288 0
w 184 256 216 256 0
w 216 256 216 288 0
w 208 224 208 264 0
w 136 264 208 264 0
w 208 264 368 264 0
w 368 264 368 288 0
w 376 288 376 256 0
w 376 256 328 256 0
w 328 256 328 288 0
w 328 256 280 256 0
w 280 256 280 288 0
w 320 224 328 224 0
w 328 224 328 256 0
w 280 256 216 256 0
w 248 288 248 232 0
w 248 232 368 232 0
w 368 232 368 224 0
w 296 288 296 272 0
w 296 272 424 272 0
w 424 272 424 224 0
w 336 288 336 280 0
w 336 280 520 280 0
w 520 280 520 224 0
157 432 320 552 320 0
w 432 320 416 320 0
w 416 320 416 336 0
w 416 336 384 336 0
w 432 352 336 352 0
w 336 352 336 336 0
w 432 384 288 384 0
w 288 384 288 336 0
w 432 416 232 416 0
w 232 416 232 336 0
w 496 448 176 448 0
w 176 448 176 336 0
w 528 448 528 456 0
w 528 456 120 456 0
w 120 456 120 336 0
w 560 448 560 464 0
w 560 464 56 464 0
w 56 464 56 336 0
