$ 1 5.0E-6 1.1685319768402522 49 5.0 50
c 208 96 208 192 0 6.083084599140672E-6 -4.999993387010308
l 144 96 208 96 0 0.022668006177034163 -0.09999921210610777
w 464 96 528 96 0
r 528 96 528 192 0 50.0
g 208 192 208 208 0
g 528 192 528 208 0
O 528 96 576 96 0
c 272 96 272 192 0 4.3948121369507934E-6 -5.000480507723924
l 208 96 272 96 0 0.012560685575556797 -0.1000058296956149
g 272 192 272 208 0
c 336 96 336 192 0 3.2704856949098034E-6 -4.999333512699853
l 272 96 336 96 0 0.009621226664444704 -0.10000178631255717
g 336 192 336 208 0
c 400 96 400 192 0 1.9267432478517496E-6 -4.9985368414433955
l 336 96 400 96 0 0.006573613744873482 -0.0999748516250718
g 400 192 400 208 0
c 464 96 464 192 0 3.953712484972596E-7 -4.99868176000584
l 400 96 464 96 0 0.0029400148153217306 -0.09997178060465385
g 464 192 464 208 0
g 464 352 464 368 0
l 400 272 464 272 0 0.0037033695101520102 -0.10336833872744124
c 464 272 464 352 0 4.979463676217806E-7 -5.226853560161393
g 400 352 400 368 0
l 336 272 400 272 0 0.0082809859705 -0.0973916022814173
c 400 272 400 352 0 2.427517293683718E-6 -5.045542492104053
g 336 352 336 368 0
l 272 272 336 272 0 0.012016178653842758 -0.09363197455759392
c 336 272 336 352 0 4.112858198910477E-6 -4.706292766508745
g 272 352 272 368 0
l 208 272 272 272 0 0.01442033310922977 -0.10308412962676379
c 272 272 272 352 0 5.369543031057315E-6 -4.878852155807363
O 528 272 576 272 0
g 528 352 528 368 0
g 208 352 208 368 0
r 528 272 528 352 0 50.0
w 464 272 528 272 0
l 144 272 208 272 0 0.012448659190544548 -0.09950752670846397
c 208 272 208 352 0 5.9051646250635805E-6 -5.184027928619852
w 144 96 144 192 0
w 144 192 144 272 0
R 144 192 96 192 0 2 80.0 5.0 0.0 0.0 0.5
o 6 32 0 34 10.0 9.765625E-5 0 -1 bessel
o 31 32 0 34 10.0 9.765625E-5 1 -1 butterworth
