$ 1 5.0E-6 8.531194996067258 50 5.0 50
a 160 224 256 224 0 15.0 -15.0
f 256 256 304 256 1 1.5
f 256 192 304 192 0 1.5
w 256 192 256 224 0
w 256 224 256 256 0
w 304 208 304 224 0
w 304 224 304 240 0
R 304 176 304 128 0 0 40.0 15.0 0.0 0.0 0.5
l 304 224 400 224 0 0.08 0.062136746137611415
c 400 224 400 304 0 1.0E-5 -6.657326718051054
g 400 304 400 336 0
w 304 272 304 288 0
O 400 224 464 224 0
w 160 240 160 256 0
w 160 208 160 192 0
R 160 256 112 256 0 3 1000.0 1.001 0.0 0.0 0.5
R 160 192 112 192 0 1 30.0 1.001 0.0 0.0 0.5
R 304 288 304 336 0 0 40.0 -15.0 0.0 0.0 0.5
g 256 320 256 336 0
p 256 256 256 320 0
o 16 64 0 34 1.2 9.765625E-5 0 -1 input
o 19 16 0 34 20.0 9.765625E-5 1 -1
o 12 64 0 34 15.0 4.8828125E-5 2 -1 output
