$ 1 5.0E-6 17.50203994009402 55 5.0 50
l 144 32 256 32 0 1.0 -0.010526054531836967
l 256 32 368 32 0 1.0 -0.014780859108181294
c 144 32 144 112 0 1.0E-5 -1.5283359644818593
c 256 32 256 112 0 1.0E-5 -0.6226471660960838
c 368 32 368 112 0 1.0E-5 0.6226471660960479
r 144 112 256 112 0 1.0
r 256 112 368 112 0 1.0
l 368 32 480 32 0 1.0 -0.010526054531837074
c 480 32 480 112 0 1.0E-5 1.528335964481852
r 368 112 480 112 0 1.0
g 144 112 144 128 0
l 144 160 256 160 0 1.0 0.0146359989059815
l 256 160 368 160 0 1.0 -7.561108857079762E-17
c 144 160 144 240 0 1.0E-5 -3.205717865478435
c 256 160 256 240 0 1.0E-5 3.2057178654783622
c 368 160 368 240 0 1.0E-5 3.205717865478375
r 144 240 256 240 0 1.0
r 256 240 368 240 0 1.0
l 368 160 480 160 0 1.0 -0.014635998905981084
c 480 160 480 240 0 1.0E-5 -3.2057178654783813
r 368 240 480 240 0 1.0
g 144 240 144 256 0
l 144 288 256 288 0 1.0 0.009608347545030023
l 256 288 368 288 0 1.0 -0.013588266474160417
c 144 288 144 368 0 1.0E-5 0.9505461007504308
c 256 288 256 368 0 1.0E-5 -2.2948228963492374
c 368 288 368 368 0 1.0E-5 2.2948228963492827
r 144 368 256 368 0 1.0
r 256 368 368 368 0 1.0
l 368 288 480 288 0 1.0 0.009608347545029965
c 480 288 480 368 0 1.0E-5 -0.9505461007504287
r 368 368 480 368 0 1.0
g 144 368 144 384 0
o 9 128 0 43 0.01953125 0.0125 0 -1
o 20 128 0 43 0.0390625 0.025 1 -1
o 31 128 0 43 0.01953125 0.0125 2 -1
