$ 1 5.0E-9 10 54 5.0
f 144 144 208 144 1
f 144 240 208 240 0
w 208 160 208 192 0
w 208 192 208 224 0
w 144 144 144 192 0
w 144 192 144 240 0
L 144 192 96 192 0 false false
R 208 128 208 80 0 0 40.0 5.0 0.0
g 208 256 208 288 0
r 208 192 288 192 0 1500.0
c 288 192 288 256 0 1.0E-8 4.973779073596618
g 288 256 288 288 0
w 288 192 336 192 0
w 336 192 336 144 0
w 336 192 336 240 0
f 336 144 400 144 1
f 336 240 400 240 0
w 400 160 400 192 0
w 400 192 400 224 0
M 400 192 448 192 0
g 400 256 400 288 0
R 400 128 400 80 0 0 40.0 5.0 0.0
o 6 64 0 6 5.0 9.765625E-5 0
o 19 64 0 6 5.0 9.765625E-5 0
h 2 9 10
