$ 1 5.0E-6 4.798788906309526 54 5.0 48
v 240 176 240 112 0 1 80.0 5.0 0.0 1.5707963267948966 0.5
r 240 112 400 112 0 100.0
w 240 176 400 176 0
v 240 368 240 304 0 1 80.0 5.0 0.0 1.5707963267948966 0.5
w 240 368 400 368 0
r 240 304 400 304 0 100.0
l 400 112 400 176 0 0.34458 3.979221357045121E-4
c 400 304 400 368 0 1.1486E-5 2.224479357247581
w 240 272 400 272 0
v 240 272 240 208 0 1 80.0 5.0 0.0 1.5707963267948966 0.5
w 240 208 400 208 0
r 400 208 400 272 0 200.0
o 6 32 3 4113 5 0.051 0 3 11 3 7 3
