$ 1 5.0E-6 10.812258501325767 50 5.0 50
151 432 144 528 144 0 2 0.0
151 432 256 528 256 0 2 5.0
w 432 224 432 240 0
w 432 160 432 176 0
w 528 224 528 256 0
w 528 224 432 176 0
w 528 144 528 176 0
w 528 176 432 224 0
151 320 128 432 128 0 2 5.0
151 320 272 432 272 0 2 0.0
w 320 144 320 256 0
w 320 256 320 336 0
151 192 144 288 144 0 2 0.0
151 192 256 288 256 0 2 5.0
w 320 112 288 112 0
w 288 112 288 144 0
w 288 256 288 288 0
w 288 288 320 288 0
w 192 160 192 176 0
w 192 240 192 224 0
w 288 224 288 256 0
w 288 224 192 176 0
w 288 176 288 144 0
w 288 176 192 224 0
151 80 128 192 128 0 3 5.0
I 64 336 320 336 0 0.5
M 528 144 592 144 0 2.5
M 528 256 592 256 0 2.5
x 518 117 537 123 0 24 Q
x 520 305 539 311 2 24 Q
w 32 112 80 112 0
x 30 47 37 53 0 24 J
R 64 336 32 336 1 2 120.0 2.5 2.5 0.0 0.5
151 80 272 192 272 0 3 5.0
w 432 160 432 64 0
w 432 64 80 64 0
w 80 64 80 128 0
L 32 256 32 224 0 1 false 5.0 0.0
x 24 193 40 199 0 24 K
w 64 336 64 256 0
w 64 256 80 256 0
w 80 144 64 144 0
w 64 144 64 256 0
w 32 288 32 256 0
w 32 288 80 288 0
w 432 240 432 368 0
w 432 368 80 368 0
w 80 368 80 272 0
L 32 112 32 80 0 1 false 5.0 0.0
o 48 64 0 38 7.62939453125E-5 9.765625E-5 0 -1 J
o 37 64 0 38 5.0 9.765625E-5 0 -1 K
o 26 64 0 38 7.62939453125E-5 9.765625E-5 0 -1 Q
o 32 64 0 38 5.0 9.765625E-5 0 -1 clk
