$ 17 5.0E-6 3 44 5.0 35
v 64 128 64 48 0 5 40.0 5.0 0.0
w 64 128 112 128 0
l 64 48 112 48 0 0.01 0.0
l 112 48 160 48 0 0.01 0.0
l 160 48 208 48 0 0.01 0.0
l 208 48 256 48 0 0.01 0.0
l 256 48 304 48 0 0.01 0.0
l 304 48 352 48 0 0.01 0.0
l 352 48 400 48 0 0.01 0.0
c 112 48 112 128 0 1.0E-4 0.0
c 160 48 160 128 0 1.0E-4 0.0
c 208 48 208 128 0 1.0E-4 0.0
c 256 48 256 128 0 1.0E-4 0.0
c 304 48 304 128 0 1.0E-4 0.0
c 352 48 352 128 0 1.0E-4 0.0
c 400 48 400 128 0 1.0E-4 0.0
w 112 128 160 128 0
w 160 128 208 128 0
w 208 128 256 128 0
w 256 128 304 128 0
w 304 128 352 128 0
w 352 128 400 128 0
l 400 48 448 48 0 0.01 0.0
w 448 48 448 160 0
w 400 128 432 128 0
w 448 160 400 160 0
c 400 160 400 240 0 1.0E-4 0.0
l 400 160 352 160 0 0.01 0.0
l 352 160 304 160 0 0.01 0.0
l 304 160 256 160 0 0.01 0.0
l 256 160 208 160 0 0.01 0.0
l 208 160 160 160 0 0.01 0.0
l 160 160 112 160 0 0.01 0.0
c 352 160 352 240 0 1.0E-4 0.0
c 304 160 304 240 0 1.0E-4 0.0
c 256 160 256 240 0 1.0E-4 0.0
c 208 160 208 240 0 1.0E-4 0.0
c 160 160 160 240 0 1.0E-4 0.0
c 112 160 112 240 0 1.0E-4 0.0
w 432 128 432 240 0
w 432 240 400 240 0
w 400 240 352 240 0
w 352 240 304 240 0
w 304 240 256 240 0
w 256 240 208 240 0
w 208 240 160 240 0
w 160 240 112 240 0
l 112 160 64 160 0 0.01 0.0
w 64 160 64 272 0
w 112 240 80 240 0
w 64 272 112 272 0
c 112 272 112 352 0 1.0E-4 0.0
w 80 240 80 352 0
w 80 352 112 352 0
l 112 272 160 272 0 0.01 0.0
l 160 272 208 272 0 0.01 0.0
l 208 272 256 272 0 0.01 0.0
l 256 272 304 272 0 0.01 0.0
l 304 272 352 272 0 0.01 0.0
l 352 272 400 272 0 0.01 0.0
c 160 272 160 352 0 1.0E-4 0.0
c 208 272 208 352 0 1.0E-4 0.0
c 256 272 256 352 0 1.0E-4 0.0
c 304 272 304 352 0 1.0E-4 0.0
c 352 272 352 352 0 1.0E-4 0.0
w 112 352 160 352 0
w 160 352 208 352 0
w 208 352 256 352 0
w 256 352 304 352 0
w 304 352 352 352 0
w 352 352 400 352 0
c 400 272 400 352 0 1.0E-4 0.0
w 400 272 432 272 0
w 432 352 400 352 0
r 432 272 432 352 0 10.0
g 432 352 432 384 0
o 0 64 0 3 10.0 0.8
o 74 64 0 3 10.0 0.8
