$ 1 0.000005 0.5999443210467817 50 5 50
j 240 224 272 224 0 -4 0.00125
w 272 272 240 272 0
w 272 208 304 208 0
g 272 272 272 288 0
r 304 176 304 128 0 158
l 304 128 304 80 0 0.2 -0.00042713443362244537
c 240 176 240 80 0 5.6000000000000005e-8 -3.25140615286176
w 240 176 272 176 0
w 272 176 304 176 0
w 304 80 272 80 0
w 272 80 240 80 0
w 272 176 272 208 0
172 272 80 272 48 0 6 3.2800000000000002 4 2 0 0.5 Voltage
j 304 256 272 256 1 -4 0.00125
w 304 256 304 208 0
w 240 272 240 224 0
o 6 8 0 4107 5 0.00625 0 2 6 3
o 11 8 0 4163 9.999999999999999e-16 1.25e-18 1 2 11 3
o 5 8 0 4107 5 0.0125 2 2 5 3
