$ 1 5.0E-6 11.708435524800691 50 5.0 50
t 256 112 192 112 0 -1 0.0 -0.625292103755946 1000.0
t 256 112 320 112 0 -1 2.5545208310942042 -0.6252921037557799 1000.0
w 256 112 256 160 0
w 192 128 192 160 0
w 192 160 256 160 0
r 192 96 192 32 0 100.0
r 320 96 320 32 0 100.0
w 192 32 320 32 0
R 192 32 128 32 0 0 40.0 5.0 0.0 0.0 0.5
r 192 160 192 224 0 500.0
r 320 128 320 224 0 150.0
w 192 160 128 160 0
s 128 160 128 224 0 1 false
r 128 224 192 224 0 200.0
w 320 128 384 128 0
s 384 128 384 224 0 1 false
r 320 224 384 224 0 10.0
w 192 224 192 288 1
w 320 224 320 288 1
g 192 288 192 304 0
g 320 288 320 304 0
x 159 112 181 116 0 16 Q1
x 332 113 354 117 0 16 Q2
