$ 1 5.0E-6 8.203437568215378 50 5.0 50
w 128 48 208 48 0
w 208 48 288 48 0
w 288 48 368 48 0
r 128 48 128 176 0 330.0
r 208 48 208 176 0 1020.0
r 288 48 288 176 0 1020.0
r 368 48 368 176 0 320.0
c 128 176 208 176 0 1.8E-5 -0.1960622475177095
c 288 176 368 176 0 1.8E-5 -3.536074488299442
w 368 176 368 240 0
t 288 256 368 256 0 1 0.6643052625017931 0.6776743289781562 100.0
w 208 176 288 256 0
w 288 176 208 256 0
t 208 256 128 256 0 1 -4.004317503283525 -3.522705421823079 100.0
w 128 176 128 240 0
R 128 48 80 48 0 0 40.0 5.0 0.0 0.0 0.5
g 128 272 128 304 0
g 368 272 368 304 0
x 159 212 180 216 0 16 C1
x 317 213 338 217 0 16 C2
x 96 260 118 264 0 16 Q1
x 382 262 404 266 0 16 Q2
o 13 64 6 4099 5 0.00009765625 0 2 10 6
