$ 0 5.0E-6 1.5 50 5.0
151 112 160 208 160 0 2 5.0
150 112 288 208 288 0 2 5.0
f 208 288 272 288 4
f 208 160 272 160 5
w 272 176 272 224 0
w 272 224 272 272 0
g 272 304 272 336 0
R 272 144 272 112 0 0 40.0 5.0 0.0
L 112 176 48 176 0 true false 5.0 0.0
w 112 144 80 144 0
w 80 144 80 304 0
w 80 304 112 304 0
w 272 224 320 224 0
w 320 224 368 224 0
w 368 224 368 272 0
w 368 224 368 176 0
f 432 288 368 288 4
f 432 160 368 160 5
R 368 144 368 112 0 0 40.0 5.0 0.0
g 368 304 368 336 0
150 528 288 432 288 0 2 0.0
151 528 160 432 160 0 2 5.0
w 576 144 528 144 0
w 80 144 80 48 0
w 576 48 576 144 0
w 576 144 576 304 0
w 576 304 528 304 0
M 320 224 320 384 0 2.5
I 528 176 528 272 0
L 528 176 608 176 0 true false 5.0 0.0
x 32 155 48 155 0 16 in 1
x 506 358 522 358 0 16 select
x 593 157 609 157 0 16 in 2
x 145 95 161 95 0 16 tri-state buffer
x 382 94 398 94 0 16 tri-state buffer
L 576 304 576 352 0 true false 5.0 0.0
I 576 48 80 48 0
I 112 176 112 272 0
