$ 1 1.0E-5 1.5642631884188172 54 15.0 66
t 64 160 96 160 0 1 -14.524416831323471 0.45874279140993174 100.0
t 128 224 96 224 0 -1 13.155478365585369 -0.45874279140993174 100.0
t 96 288 144 288 0 1 -29.07296394840523 0.45933099081733353 100.0
t 144 352 96 352 0 1 -0.45933099081733353 0.45848552057607606 100.0
r 96 368 96 448 0 1000.0
r 144 352 144 448 0 50000.0
w 144 304 144 352 0
w 96 288 96 336 0
w 96 288 96 240 0
w 96 176 96 208 0
t 240 160 208 160 0 1 -14.524389782067212 0.458756316038061 100.0
t 176 224 208 224 0 -1 13.001245413909114 -0.4587563160380609 100.0
w 208 176 208 208 0
w 128 224 176 224 0
w 176 224 176 256 0
w 208 240 208 288 0
t 144 352 208 352 0 1 -0.6135639424935881 0.4584855205760743 100.0
w 208 288 208 336 0
r 208 368 208 448 0 1000.0
w 96 448 144 448 0
w 144 448 208 448 0
R 96 448 48 448 0 0 40.0 -15.0 0.0 0.0 0.5
t 208 96 160 96 0 -1 0.0 -0.47558316867652906 100.0
t 208 96 304 96 0 -1 15.441902414143334 -0.47558316867652906 100.0
w 208 144 160 144 0
w 96 144 160 144 0
w 160 112 160 144 0
w 208 96 208 144 0
w 304 112 304 256 0
w 304 256 176 256 0
w 160 80 160 64 0
w 160 64 304 64 0
w 304 64 304 80 0
w 144 272 144 64 0
w 144 64 160 64 0
R 144 64 48 64 0 0 40.0 15.0 0.0 0.0 0.5
t 336 352 304 352 0 1 -13.514398472585153 0.4758368768112078 100.0
t 336 352 368 352 0 1 0.0 0.5681159445949842 100.0
w 304 256 304 336 0
r 304 368 304 448 0 5000.0
w 208 448 304 448 0
w 304 448 368 448 0
w 368 448 368 368 0
w 336 352 336 304 0
w 336 304 368 304 0
w 368 304 368 336 0
r 368 304 368 144 0 39000.0
t 432 96 368 96 0 -1 0.0 -0.5678758104275285 100.0
t 432 96 512 96 0 -1 14.673938034545353 -0.5678758104275285 100.0
w 368 112 368 144 0
w 432 96 432 144 0
w 432 144 368 144 0
w 304 64 368 64 0
w 368 64 368 80 0
w 368 64 512 64 0
w 512 64 512 80 0
w 512 112 512 144 0
w 512 144 544 144 0
t 544 144 592 144 0 1 -15.241813844972881 0.2605204218142353 100.0
t 592 192 544 192 0 1 -0.2605204218142353 8.387701844192463E-8 100.0
w 544 144 544 176 0
w 592 160 592 192 0
w 592 128 592 64 0
w 592 64 512 64 0
w 544 208 544 256 0
r 592 192 592 256 0 25.0
w 544 256 592 256 0
r 592 256 592 336 0 50.0
w 512 144 512 192 0
w 592 368 592 448 0
t 480 256 512 256 0 1 -0.3678986750643859 0.5648836713483172 100.0
r 480 256 480 192 0 4500.0
r 480 256 480 320 0 7500.0
w 480 320 512 320 0
w 512 320 512 272 0
w 512 240 512 192 0
w 512 192 480 192 0
t 512 352 592 352 0 -1 13.825403808614416 -0.5885347729781805 100.0
w 512 320 512 352 0
t 480 368 512 368 0 1 -13.221109797257107 0.5677848077046654 100.0
t 512 400 432 400 0 1 -1.0447597996183795 0.03650920365264376 100.0
r 512 400 512 448 0 50.0
w 480 368 480 416 0
r 480 416 480 448 0 50000.0
w 480 448 512 448 0
w 512 448 592 448 0
w 480 448 432 448 0
w 432 448 432 416 0
w 368 448 432 448 0
w 512 384 512 400 0
t 432 336 480 336 0 1 -12.744134805343393 0.47697499191371406 100.0
w 432 336 432 384 0
w 480 352 480 368 0
w 208 288 432 288 0
w 432 288 432 336 0
w 480 192 432 192 0
c 432 192 432 288 0 3.0E-11 13.676917151756095
O 624 256 656 256 0
g 64 160 64 208 0
w 240 160 240 32 0
r 240 32 624 32 0 300.0
w 624 32 624 256 1
w 624 256 592 256 0
r 240 32 144 32 0 150.0
R 144 32 96 32 0 1 40.0 5.0 0.0 0.0 0.5
x 29 167 48 173 0 24 %2b
x 241 195 255 201 0 24 -
o 97 16 0 34 20.0 9.765625E-5 0 -1
