$ 1 5.0E-6 15 53 5.0
v 64 240 64 160 0 1 41.09 5.0 0.0
c 448 160 448 240 0 1.4999999999999999E-5 2.5658496700882356
w 64 160 192 160 0
w 192 160 320 160 0
w 320 160 448 160 0
l 320 160 320 240 0 1.0 -0.016508821800832994
r 192 160 192 240 0 2000.0
w 192 240 320 240 0
w 320 240 448 240 0
r 64 240 192 240 0 100.0
v 64 128 64 48 0 1 30.0 5.0 0.0
c 448 48 448 128 0 1.4999999999999999E-5 -4.290086412851864
w 64 48 192 48 0
w 192 48 320 48 0
w 320 48 448 48 0
l 320 48 320 128 0 1.0 0.01334973082855116
r 192 48 192 128 0 2000.0
w 192 128 320 128 0
w 320 128 448 128 0
r 64 128 192 128 0 100.0
v 64 352 64 272 0 1 50.0 5.0 0.0
c 448 272 448 352 0 1.4999999999999999E-5 2.9322583665440085
w 64 272 192 272 0
w 192 272 320 272 0
w 320 272 448 272 0
l 320 272 320 352 0 1.0 -0.01279067133991683
r 192 272 192 352 0 2000.0
w 192 352 320 352 0
w 320 352 448 352 0
r 64 352 192 352 0 100.0
h 1 5 1
o 10 64 0 1 2.5 0.025
o 0 64 0 1 2.5 0.003125
o 20 64 0 1 2.5 0.0125
