$ 1 0.000015625 0.23988752939670982 63 5 50
a 176 368 288 368 0 15 -15 1000000 0 -3.3188510599124754
w 176 384 176 448 0
w 176 448 288 448 0
r 288 368 288 448 0 100000
a 400 384 512 384 0 15 -15 1000000 -0.000013537412641583223 0
r 288 448 368 448 0 40000
w 368 448 512 448 0
w 512 448 512 384 0
w 512 384 512 320 0
c 400 320 512 320 0 2.0000000000000002e-7 -1.353754801570964
w 400 320 400 368 0
g 400 400 400 416 0
w 176 352 144 352 0
g 144 352 144 384 0
r 400 320 336 320 0 1500
r 400 368 336 368 0 40000
d 288 320 336 320 1 0.805904783
d 336 368 288 368 1 0.805904783
w 288 320 288 368 0
211 512 384 576 384 0 1 8000 1
o 19 2 0 2082 10 0.00009765625 0 -1 0
