$ 1 1.0E-8 12.235633750745258 30 120.0 50
g 240 304 240 336 0
r 240 256 176 256 0 10.0
R 176 256 144 256 0 1 60.0 169.7056274847714 0.0 0.0 0.5
T 240 256 320 304 2 10.0 100.0 4.437258653736118 -0.04413717098860063 0.999
c 384 224 464 224 0 2.0E-8 9788.947578396032
w 320 304 320 336 0
w 384 336 464 336 0
w 320 224 320 256 0
g 320 336 320 368 0
w 320 224 384 224 2
w 320 336 384 336 0
w 464 224 464 256 0
w 464 304 464 336 0
c 528 256 528 144 0 2.5E-11 -0.002896435768521405
r 528 304 528 352 0 0.1
g 528 352 528 368 0
T 464 256 528 304 2 3.16628E-5 28.28427 0.04412738203720486 1.4084140624744444E-8 0.1
187 384 224 384 336 0 1.0 1.0E9 10000.0 0.0010
w 528 144 592 144 0
g 592 144 592 368 0
o 17 64 0 35 10240.0 9.765625E-5 0 -1
o 13 32 0 34 0.0048828125 9.765625E-5 0 -1
