$ 17 5.0E-6 10.8 50 5.0
r 112 176 208 128 0 100.0
r 208 128 224 224 0 100.0
r 224 224 320 176 0 200.0
r 208 128 288 144 0 100.0
r 304 80 288 144 0 100.0
v 288 144 384 128 0 0 40.0 5.0 0.0
v 320 176 320 256 0 0 40.0 5.0 0.0
v 112 176 128 240 0 0 40.0 5.0 0.0
v 304 80 224 64 0 0 40.0 5.0 0.0
v 224 224 224 288 0 0 40.0 5.0 0.0
r 224 288 304 304 0 200.0
r 128 240 64 288 0 400.0
r 384 128 448 192 0 100.0
r 320 256 384 272 0 100.0
r 224 64 112 80 0 1000.0
v 112 80 208 128 0 0 40.0 5.0 0.0
v 64 288 224 288 0 0 40.0 2.0 0.0
v 304 304 384 272 0 0 40.0 5.0 0.0
r 448 192 384 272 0 100.0
r 320 176 384 128 0 100.0
r 112 80 112 176 0 100.0
w 64 288 64 16 0
w 448 16 448 192 0
r 272 384 128 384 0 117.784267
w 128 384 128 336 0
w 384 336 384 384 0
v 272 384 384 384 0 0 40.0 2.80758 0.0
v 64 16 448 16 0 1 40.0 5.0 0.0
v 128 336 384 336 0 1 40.0 5.0 0.0
g 448 192 448 256 0
g 384 384 384 400 0
o 27 64 0 3 5.0 0.1
o 28 64 0 3 5.0 0.1
