$ 1 5.0E-6 11.086722712598126 60 3.0 53
w 272 64 368 64 0
r 272 224 272 368 0 10000.0
w 272 368 352 368 0
g 272 368 272 400 0
R 272 64 176 64 0 0 40.0 160.0 0.0 0.0 0.5
r 368 64 368 192 0 10000.0
r 352 256 352 368 0 3000.0
c 272 224 192 224 0 4.9999999999999996E-6 -0.011918466765635682
R 192 224 144 224 0 1 80.0 0.5 0.0 0.0 0.5
c 368 192 448 192 0 4.9999999999999996E-6 156.41283175374522
O 448 192 496 192 0
r 448 192 448 288 0 100000.0
g 448 288 448 320 0
173 272 224 368 224 0 93.0 1360.0
w 352 256 400 256 0
c 400 256 400 368 0 4.9999999999999996E-6 1.2120701747074232
w 352 368 400 368 0
o 8 64 0 34 0.625 9.765625E-5 0 -1
o 10 64 0 34 5.0 2.44140625E-5 1 -1
