$ 1 5.0E-6 0.2500940013662129 50 5.0 50
a 240 176 336 176 1 15.0 -15.0 1000000.0
r 240 256 240 352 0 10000.0
w 336 256 336 176 0
w 240 256 240 192 0
w 240 160 160 160 0
r 160 160 160 352 0 1000.0
g 240 352 240 368 0
g 160 352 160 368 0
c 176 80 240 80 0 1.0000000000000001E-7 -1.5208101852031342
w 176 80 160 80 0
w 160 80 160 160 0
l 240 80 336 80 0 0.1 -8.187542292950413E-4
c 336 80 336 176 0 1.5000000000000002E-8 0.5145384599262408
d 400 80 400 176 1 0.805904783
w 336 176 400 176 0
w 336 80 400 80 0
r 400 80 496 80 0 20000.0
R 496 80 544 80 0 0 40.0 20.0 0.0 0.0 0.5
O 160 160 128 160 0
174 240 256 336 288 0 10000.0 0.6782 Resistance
w 288 288 336 288 0
w 336 288 336 256 0
o 8 64 0 227 4.676805239458889 2.993155353253689 0 18
o 12 64 0 227 9.353610478917778 2.993155353253689 1 18
