$ 1 0.000005 2.803162489452614 30 5 50
f 304 176 352 176 0 2 0.02
f 304 304 352 304 8 2 0.02
g 224 240 224 272 0
c 416 160 416 320 0 6.799999999999999e-12 -0.00000807174857087034
R 528 48 528 16 0 0 40 24 0 0 0.5
l 528 80 528 144 0 0.00019999999999999998 2.0163667832719794
w 528 48 528 80 0
w 416 160 480 192 0
w 416 320 480 288 0
w 416 160 384 160 0
w 416 320 352 320 0
w 384 240 384 288 0
w 368 128 368 160 0
w 208 128 208 304 0
w 256 304 304 304 0
w 368 352 368 320 0
w 528 240 528 144 0
d 272 128 368 128 1 0.805904783
r 176 176 112 176 0 470
r 176 304 112 304 0 470
w 208 304 256 304 0
w 192 176 256 176 0
w 112 304 112 176 0
w 112 176 112 80 0
w 528 80 112 80 0
d 192 352 368 352 1 0.805904783
w 352 160 368 160 0
w 352 320 368 320 0
w 208 128 272 128 0
w 304 240 384 240 0
z 304 240 304 304 1 0.805904783 12
r 256 176 256 240 0 10000
r 256 240 256 304 0 10000
w 304 240 256 240 0
w 176 304 208 304 0
w 384 192 384 240 0
w 192 176 192 352 0
w 176 176 192 176 0
z 304 240 304 176 1 0.805904783 12
w 256 176 304 176 0
d 384 288 384 320 1 0.805904783
d 384 192 384 160 1 0.805904783
w 368 320 384 320 0
w 368 160 384 160 0
w 352 288 384 288 0
w 352 192 384 192 0
w 224 240 256 240 0
l 480 192 480 240 0 0.000002 -1.0081833862773306
l 480 240 480 288 0 0.000002 1.008183396994642
w 528 240 480 240 0
o 14 64 0 4099 20 0.025 0 4 14 3 39 0 39 3
o 8 64 0 4107 40 6.4 1 2 8 3
