$ 1 0.000005 2.803162489452614 30 5 50
f 304 176 352 176 0 2 0.02
f 304 304 352 304 8 2 0.02
g 224 240 224 272 0
c 416 160 416 320 0 0.0006799999999999999 -0.0004422782798556568
R 448 48 432 16 0 0 40 24 0 0 0.5
l 448 80 448 144 0 0.00019999999999999998 2.016366839412755
w 448 48 448 80 0
w 416 160 448 208 0
w 416 320 448 272 0
w 416 160 384 160 0
w 416 320 352 320 0
w 384 240 384 288 0
w 368 128 368 160 0
w 208 128 208 304 0
w 256 304 304 304 0
w 368 352 368 320 0
169 528 272 448 272 0 0.0003 20 -4.85722573273506e-17 -1.0081155272040105 1.0082513122087446 0.99
w 448 240 448 144 0
r 576 208 576 272 0 3000
w 528 208 560 208 0
w 528 272 560 272 0
d 272 128 368 128 1 0.805904783
r 176 176 112 176 0 470
r 176 304 112 304 0 470
w 208 304 256 304 0
w 192 176 256 176 0
w 112 304 112 176 0
w 112 176 112 80 0
w 448 80 112 80 0
d 192 352 368 352 1 0.805904783
w 352 160 368 160 0
w 352 320 368 320 0
w 208 128 272 128 0
w 304 240 384 240 0
z 304 240 304 304 1 0.805904783 12
r 256 176 256 240 0 10000
r 256 240 256 304 0 10000
w 304 240 256 240 0
w 176 304 208 304 0
w 384 192 384 240 0
w 192 176 192 352 0
w 176 176 192 176 0
z 304 240 304 176 1 0.805904783 12
w 256 176 304 176 0
d 384 288 384 320 1 0.805904783
d 384 192 384 160 1 0.805904783
w 368 320 384 320 0
w 368 160 384 160 0
w 352 288 384 288 0
w 352 192 384 192 0
w 224 240 256 240 0