$ 1 0.000005 9.001713130052181 33 5 50
f 304 176 352 176 0 2 0.02
f 304 304 352 304 8 2 0.02
g 224 240 224 272 0
c 448 240 448 320 0 6.800000000000001e-7 -11.476492116104918
R 512 48 512 16 0 0 40 24 0 0 0.5
l 512 80 512 144 0 0.0001 0.07100292651189771
w 512 48 512 80 0
w 448 160 528 208 0
w 448 320 528 272 0
w 448 160 384 160 0
w 448 320 384 320 0
w 384 240 384 288 0
w 368 128 368 160 0
w 208 128 208 304 0
w 256 304 304 304 0
w 368 352 368 320 0
w 448 240 512 240 0
w 512 240 512 144 0
d 272 128 368 128 1 0.805904783
r 176 176 112 176 0 470
r 176 304 112 304 0 470
w 208 304 256 304 0
w 192 176 256 176 0
w 112 304 112 176 0
w 112 176 112 80 0
w 512 80 112 80 0
d 192 352 368 352 1 0.805904783
w 352 160 368 160 0
w 352 320 368 320 0
w 208 128 272 128 0
w 304 240 384 240 0
z 304 240 304 304 1 0.805904783 12
r 256 176 256 240 0 10000
r 256 240 256 304 0 10000
w 304 240 256 240 0
w 176 304 208 304 0
w 384 192 384 240 0
w 192 176 192 352 0
w 176 176 192 176 0
z 304 240 304 176 1 0.805904783 12
w 256 176 304 176 0
d 384 288 384 320 1 0.805904783
d 384 192 384 160 1 0.805904783
w 368 320 384 320 0
w 368 160 384 160 0
w 352 288 384 288 0
w 352 192 384 192 0
w 224 240 256 240 0
l 528 208 528 272 0 4 -0.07103184951102343
c 448 160 448 240 0 6.800000000000001e-7 -23.386584173530533
o 40 64 0 4099 20 0.05 0 2 40 3
o 8 64 0 4619 320 0.4 1 2 8 3