$ 1 5.0E-6 10.391409633455755 56 5.0 50
165 336 176 448 176 0 5.0
w 336 208 336 304 0
w 336 208 304 208 0
w 304 208 304 304 0
c 304 304 304 368 0 9.999999999999999E-6 -0.21686387276521343
g 304 368 304 384 0
r 304 208 304 144 0 1000.0
w 304 144 400 144 0
O 464 240 528 240 0
82 304 144 304 96 0 0 40.0 5.0 0.0 0.0 0.5
t 208 336 256 336 0 -1 0.0 0.21686387276521343
w 256 320 256 304 0
r 256 304 304 304 0 100
w 256 352 256 368 0
w 256 368 304 368 0
w 208 272 208 336 0
152 96 272 208 272 0 2 0.0
82 96 288 96 336 0 2 60.0 2.5 2.5 0.0 0.5
L 96 256 96 208 0 true false 5.0 0.0
w 208 272 336 272 0
o 19 64 0 6 5.0 9.765625E-5 0 input
o 8 64 0 6 5.0 9.765625E-5 0 output
