$ 3 0.000015625 27.727228452313398 50 5 50
a 440 336 480 336 3 15 -15 1000000 -2.0203979561848686 -2.0204181601644304
w 440 344 440 392 0
w 440 392 480 392 0
w 440 328 424 328 0
w 424 328 424 392 0
g 424 448 424 464 0
w 376 280 376 328 0
w 480 336 480 328 0
w 480 328 480 280 0
w 480 392 480 336 0
c 328 328 376 328 0 1.0000000000000002e-8 1.025437423995774
c 376 328 424 328 0 8.705850965062109e-9 0.3126515711893314
r 376 280 480 280 0 902.1709251080201
r 424 392 424 448 0 13532.563876620301
a 592 336 632 336 3 15 -15 1000000 -2.619441958857047 -2.6194681532766353
w 592 344 592 392 0
w 592 392 632 392 0
w 592 328 576 328 0
w 576 328 576 392 0
g 576 448 576 464 0
w 528 280 528 328 0
w 632 336 632 328 0
w 632 328 632 280 0
w 632 392 632 336 0
c 480 328 528 328 0 1.0000000000000002e-7 0.29713143272336895
c 528 328 576 328 0 2.679491924311228e-8 0.3019387643683977
r 528 280 632 280 0 363.6245666818837
r 576 392 576 448 0 1090.8737000456513
a 744 336 784 336 3 15 -15 1000000 -2.886668162244686 -2.8866970289263083
w 744 344 744 392 0
w 744 392 784 392 0
w 744 328 728 328 0
w 728 328 728 392 0
g 728 448 728 464 0
w 680 280 680 328 0
w 784 336 784 328 0
w 784 328 784 280 0
w 784 392 784 336 0
c 632 328 680 328 0 1.0000000000000002e-7 0.1446617846550522
c 680 328 728 328 0 1.895910507314648e-8 0.12259328541420933
r 680 280 784 280 0 529.439275779667
r 728 392 728 448 0 1058.878551559334
211 784 336 864 336 0 1 8000 1
n 328 328 280 328 0 1 40 5 0 0 0.5
o 42 1 0 3104 5 0.00009765625 0 -1 0
