$ 4 5.0E-6 25.23 50 5.0 50
r 144 272 208 272 0 3000.0
l 208 144 208 272 0 0.0010 0.18734471432590385
w 208 144 272 144 0
c 272 144 272 272 0 2.8144799999999998E-6 -2.5493952165122247
w 208 272 272 272 0
c 400 144 400 272 0 3.0E-7 3.6693609627456207
w 400 144 464 144 0
r 464 144 464 272 0 47000.0
w 400 272 464 272 0
w 144 144 208 144 0
A 144 144 144 112 0
g 144 272 144 320 0
p 144 144 144 272 0
d 336 144 400 144 0
w 272 144 336 144 0
w 272 272 336 272 0
w 336 272 400 272 0
p 336 144 336 272 0
x 260 127 276 127 0 20 C1
x 387 127 403 127 0 20 C2
o 12 8 0 6 40.0 9.765625E-5 0 antenna
o 17 4 0 14 10.0 9.765625E-5 1 carrier
o 7 256 0 14 10.0 9.765625E-5 2 out
h 1 1 3
