$ 1 5.0E-6 10 66 5.0
a 320 208 432 208 0 15.0 -15.0
w 432 208 432 272 0
r 432 272 288 272 0 100000.0
w 288 224 320 224 0
w 288 224 288 272 0
w 288 224 288 144 0
r 288 144 288 80 0 10000.0
r 288 272 288 336 0 10000.0
g 288 336 288 368 0
O 432 208 480 208 0
R 288 80 288 48 0 0 40.0 10.0 0.0
w 320 192 224 192 0
v 224 192 160 192 0 1 40.0 5.0 0.0
R 160 192 128 192 0 1 1000.0 1.0 5.0
p 224 192 224 336 0
w 224 336 256 336 0
w 256 336 288 336 0
p 256 224 256 336 0
w 256 224 288 224 0
o 14 32 0 2 11.0 9.765625E-5 0 in
o 17 64 0 2 11.0 9.765625E-5 1 threshold
o 14 64 0 226 20.0 25.6 2 9 out vs in
