$ 3 0.000005 9.384708165144016 55 5 50
f 272 288 320 288 0 1.5 0.02
f 368 288 416 288 0 1.5 0.02
f 368 224 416 224 0 1.5 0.02
f 368 224 320 224 0 1.5 0.02
f 368 144 320 144 1 1.5 0.02
f 368 144 416 144 1 1.5 0.02
w 368 144 368 176 0
w 368 176 416 176 0
w 416 176 416 160 0
w 368 224 368 192 0
w 368 192 320 192 0
w 320 192 320 208 0
w 320 192 320 160 1
w 416 176 416 208 1
w 320 128 320 112 0
w 320 112 416 112 0
w 416 112 416 128 0
w 416 240 416 272 0
g 368 288 368 304 0
w 320 240 320 272 0
w 320 304 320 320 0
w 320 320 416 320 0
w 416 320 416 304 0
w 320 112 272 112 0
w 272 240 320 240 0
R 416 112 416 80 0 0 40 15 0 0 0.5
g 416 320 416 352 0
w 272 240 272 192 1
r 272 112 272 160 0 10
w 240 176 240 112 0
w 240 112 272 112 0
j 240 176 272 176 1 -4 0.00125
O 320 272 352 272 0
R 88 232 56 232 0 1 40 2 2 0 0.5
r 136 232 184 232 0 100000
w 184 232 184 280 0
r 88 232 136 232 0 100000
r 136 272 88 272 0 100000
g 136 288 136 304 0
w 136 232 136 272 0
R 88 272 88 296 0 0 40 2.5 0 0 0.5
a 136 280 184 280 2 15 -15 1000000 0.00005986670487189441 0
w 224 280 224 256 0
w 272 288 272 256 0
r 224 256 272 256 0 100000
r 224 280 184 280 0 100000
a 224 288 272 288 2 15 -15 1000000 -0.00005986550756174318 0
g 224 296 224 312 0
o 33 64 0 4098 4 0.0001 0 2 33 3
o 32 64 0 4098 0.7835399375128694 0.0001 0 1
