$ 1 0.000015625 5.023272298708815 49 5 50
c 416 304 416 416 0 0.0000059051646250635805 0.2739059005450538
l 352 304 416 304 0 0.012448659190544548 0.002897289939662071
w 672 304 736 304 0
r 736 304 736 416 0 50
g 416 416 416 432 0
g 736 416 736 432 0
c 480 304 480 416 0 0.000005369543031057315 1.1843498765474625
l 416 304 480 304 0 0.01442033310922977 0.013804934466231093
g 480 416 480 432 0
c 544 304 544 416 0 0.000004112858198910477 1.0558136996597227
l 480 304 544 304 0 0.012016178653842758 0.025913994720653866
g 544 416 544 432 0
c 608 304 608 416 0 0.000002427517293683718 0.3308741323540037
l 544 304 608 304 0 0.0082809859705 0.01356827498216165
g 608 416 608 432 0
c 672 304 672 416 0 4.979463676217806e-7 -0.030257758352955397
l 608 304 672 304 0 0.0037033695101520102 0.0017828565849138801
g 672 416 672 432 0
n 352 304 304 304 0 1 40 5 0 0 0.5
211 736 304 816 304 0 1 8000 1
o 19 4 0 3106 2.5 0.00009765625 0 -1 0
