$ 1 0.000005 5.023272298708815 50 5 50
r 736 304 736 480 0 50
170 352 304 320 304 3 20 4000 5 0.1
O 736 304 800 304 0
w 352 256 352 304 0
w 432 256 432 304 0
g 432 480 432 496 0
g 736 480 736 496 0
c 352 304 432 304 0 0.000001088218489574285 -1.0346674445763004
c 432 400 432 480 0 0.000006655252267974708 -0.023962692297138006
l 352 256 432 256 0 0.014231566711267074 -0.041507933926888646
l 432 304 432 400 0 0.002327042373034444 0.002688353677977118
w 672 304 736 304 0
w 512 256 512 304 0
g 512 480 512 496 0
c 432 304 512 304 0 9.82456464189743e-7 -0.01949540985112455
c 512 400 512 480 0 0.000005574435271319324 -0.0006287696109470163
l 432 256 512 256 0 0.015763603371049425 0.00004386001001261065
l 512 304 512 400 0 0.0027782283365083093 -0.000011943717913265374
w 592 256 592 304 0
g 592 480 592 496 0
c 512 304 592 304 0 0.0000013492046336904116 0.00008937997895035075
c 592 400 592 480 0 0.0000034178308085741965 0.000005551722096025813
l 512 256 592 256 0 0.011478654641475527 0.000002087663682316725
l 592 304 592 400 0 0.00453125239317256 -9.771987995038335e-7
w 672 256 672 304 0
g 672 480 672 496 0
c 592 304 672 304 0 0.0000029407000117486647 0.000025350804305585156
c 672 400 672 480 0 7.115783355633545e-7 -0.00000711463444207224
l 592 256 672 256 0 0.0052664515145839285 -4.85720078692354e-7
l 672 304 672 400 0 0.021764369791485678 3.0168359010399853e-7
o 2 8 0 2082 9.353610478917778 9.765625e-55 0 -1 0
