$ 1 5.0E-6 1.1208435524800693 51 5.0 50
a 144 208 240 208 1 15.0 -15.0
f 240 176 288 176 0 1.5
f 240 240 288 240 1 1.5
w 240 176 240 208 0
w 240 208 240 240 0
w 288 192 288 208 0
w 288 208 288 224 0
w 288 208 336 208 0
w 144 288 144 224 1
w 288 256 288 320 0
f 336 368 288 368 0 1.5
f 336 368 384 368 0 1.5
w 288 320 336 320 0
w 336 320 336 368 0
w 288 320 288 352 0
f 336 112 288 112 1 1.5
f 336 112 384 112 1 1.5
w 288 128 288 160 0
w 288 160 336 160 0
w 336 160 336 112 0
172 144 192 80 192 0 6 2.6399999999999997 4.0 -4.0 0.0 0.5 Y Voltage
174 48 224 144 256 0 500.0 0.9158000000000001 X Resistance
r 96 256 96 320 0 100.0
g 96 320 96 336 0
R 288 96 288 48 0 0 40.0 10.0 0.0 0.0 0.5
R 384 96 384 48 0 0 40.0 10.0 0.0 0.0 0.5
R 288 384 288 432 0 0 40.0 -10.0 0.0 0.0 0.5
R 384 384 384 432 0 0 40.0 -10.0 0.0 0.0 0.5
w 144 288 336 288 2
w 336 288 336 208 0
f 496 112 448 112 1 1.5
f 496 112 544 112 1 1.5
w 496 112 496 160 0
w 496 160 448 160 0
w 448 128 448 160 0
w 384 128 384 160 0
f 496 368 448 368 0 1.5
f 496 368 544 368 0 1.5
w 448 320 496 320 0
w 496 320 496 368 0
w 448 320 448 352 0
w 544 352 544 208 0
w 544 208 544 128 0
w 384 320 384 352 0
w 384 160 448 320 0
w 384 320 448 160 0
R 448 384 448 432 0 0 40.0 -10.0 0.0 0.0 0.5
R 544 384 544 432 0 0 40.0 -10.0 0.0 0.0 0.5
R 448 96 448 48 0 0 40.0 10.0 0.0 0.0 0.5
R 544 96 544 48 0 0 40.0 10.0 0.0 0.0 0.5
r 592 208 592 272 0 100.0
g 592 272 592 288 0
w 544 208 592 208 1
x 99 172 114 178 0 24 Y
x 136 327 151 333 0 24 X
x 578 177 593 183 0 24 Z
