$ 1 0.000005 5.023272298708815 50 5 50
w 208 96 240 96 0
w 240 96 240 128 0
w 240 96 240 64 0
r 240 64 352 64 0 8333
a 352 128 288 128 0 15 -15 1000000 -2.778358581696736 0
r 240 128 288 128 0 45000
g 352 144 352 176 0
a 432 112 352 112 0 15 -15 1000000 0.000027783585816967362 0
w 432 96 432 64 0
r 352 64 432 64 0 1000
r 432 96 480 96 0 1000
w 352 112 352 64 0
g 432 128 432 176 0
a 112 320 208 320 0 15 -15 1000000 4.27072281188641e-7 0
w 208 320 240 320 0
w 240 320 240 256 0
c 240 256 112 256 0 2e-8 -0.042707655191145284
w 112 304 112 256 0
w 112 256 112 192 0
r 112 192 304 192 0 1000
r 240 320 304 320 0 1000
w 304 320 304 192 0
c 304 320 304 368 0 5e-7 -0.04932181628873002
g 112 336 112 384 0
g 304 368 304 384 0
r 304 320 416 320 0 1000
a 416 336 512 336 0 15 -15 1000000 -0.0000277841414886837 0
w 512 336 512 272 0
w 416 320 416 272 0
c 416 272 512 272 0 1e-8 -2.778441933009859
g 416 352 416 384 0
w 512 272 512 96 0
w 512 96 480 96 0
w 208 96 112 96 0
w 112 96 112 192 0
O 304 192 336 192 0
O 512 272 544 272 0
o 36 8 0 4298 10 0.8 0 2 35 0
o 16 8 0 4290 5 0.8 1 2 35 0
