$ 1 0.000014999999999999999 32.755850052045055 50 5 50
a 192 336 288 336 0 15 -15 1000000 0.000023012778728522217 0
a 336 352 432 352 0 15 -15 1000000 0.000032601615432920936 0
a 480 368 576 368 0 15 -15 1000000 -0.00004822089577138956 0
r 288 336 336 336 0 47000
r 432 352 480 352 0 47000
w 480 384 336 384 0
w 336 384 336 368 0
w 336 384 192 384 0
w 192 384 192 352 0
w 288 336 288 288 0
w 192 320 192 288 0
w 336 336 336 304 0
w 432 352 432 304 0
w 480 352 480 320 0
w 576 368 576 320 0
c 192 288 288 288 0 1.0000000000000001e-7 2.3013008856309503
c 336 304 432 304 0 1.0000000000000001e-7 3.2601941449075267
c 480 320 576 320 0 1.0000000000000001e-7 -4.822137798034728
w 288 256 288 288 0
w 192 288 192 256 0
r 608 80 560 80 0 1000
r 560 80 480 80 0 6000
a 560 160 480 160 0 15 -15 1000000 0.000006725343830148347 0
d 560 112 480 112 1 0.805904783
d 480 112 480 80 1 0.805904783
w 560 112 560 144 0
w 560 112 560 80 0
w 480 160 480 112 0
v 112 384 112 240 0 0 40 0.25 0 0 0.5
r 112 240 112 176 0 157000
w 192 256 192 176 0
w 192 176 112 176 0
a 384 176 304 176 0 15 -15 1000000 -0.0000393257794896846 0
r 192 176 304 176 0 47000
r 304 128 384 128 0 47000
w 384 160 384 128 0
w 304 128 304 176 0
w 112 384 192 384 0
r 432 304 432 160 0 47000
w 432 160 384 160 0
r 432 160 480 160 0 47000
g 192 384 192 400 0
g 384 192 384 208 0
g 560 176 560 192 0
w 576 320 608 320 0
w 608 320 608 80 0
O 608 320 608 352 0
O 432 304 464 304 0
O 288 288 320 288 0
r 192 256 288 256 0 100000
x 44 45 147 48 4 15 Set\sR1\sto\sthese
x 47 58 146 61 4 15 or\sother\svalues
x 256 252 281 255 4 20 R1
x 50 72 140 75 4 15 for\sinteresting
x 67 87 124 90 4 15 behavior
x 69 114 105 117 4 15 72.1k
x 70 128 106 131 4 15 93.9k
x 71 142 103 145 4 15 100k
x 188 47 307 50 4 15 Bifurcation\spoints:
x 231 67 267 70 4 15 53.2k
x 232 83 268 86 4 15 65.0k
x 232 97 268 100 4 15 78.8k
x 224 110 269 113 4 15 101.7k
x 224 124 269 127 4 15 125.2k
o 47 64 0 4290 7.15972597961874 9.16444925391199 0 2 46 0
o 48 64 0 4290 8.749002899132048 5.599361855444511 1 2 47 0
o 46 64 0 4290 8.749002899132048 5.599361855444511 2 2 48 0
