$ 1 0.000005 4.252108200006279 50 5 50
a 624 272 560 272 1 15 -15 1000000 1.9874330283653532 1.987454890128665
a 640 272 720 272 1 15 -15 1000000 1.9565221406445585 1.987454890128665
r 624 208 560 208 0 220
r 640 208 720 208 0 22000
r 640 336 720 336 0 22000
r 624 336 560 336 0 220
w 624 288 624 336 0
w 640 336 640 288 0
w 640 256 640 208 0
w 624 256 624 208 0
w 560 272 560 336 0
w 560 272 560 208 0
w 720 208 720 272 0
w 720 272 720 336 0
w 624 208 624 96 0
w 624 96 640 96 0
w 640 96 640 208 0
r 640 336 640 416 0 3300
w 640 416 640 496 0
w 640 496 624 496 0
w 624 496 624 416 0
w 624 336 624 352 0
w 624 352 608 352 0
w 624 416 608 416 0
r 608 416 608 352 0 2200
c 544 96 544 192 0 1e-8 1.987454890128665
c 432 96 432 496 0 1.0000000000000001e-7 -0.48934135680906443
w 432 496 544 496 0
w 544 496 624 496 0
w 624 96 544 96 0
w 432 96 256 96 0
w 256 96 256 128 0
r 256 128 256 192 0 100
r 256 192 256 256 0 1000
a 224 192 160 192 1 15 -15 1000000 -0.4893377597151297 -0.48934135680906443
w 224 176 224 128 0
w 224 128 256 128 0
w 224 208 224 256 0
w 224 256 256 256 0
a 304 384 384 384 0 15 -15 1000000 -0.4893377597151297 -0.4893439493763893
w 256 192 384 192 0
w 384 192 384 384 0
w 256 256 256 320 0
r 256 320 256 384 0 1000
w 304 368 304 320 0
w 304 320 256 320 0
c 256 384 256 432 0 1.0000000000000001e-7 0.12963455590186862
w 304 400 304 432 0
w 304 432 256 432 0
w 256 496 432 496 0
w 256 384 160 384 0
w 160 384 160 192 0
w 256 496 208 496 0
w 208 496 208 432 0
w 208 432 160 432 0
g 160 432 160 464 0
w 256 192 240 192 0
O 240 80 304 80 0
O 384 64 304 64 0
O 384 48 304 48 0
w 432 96 432 64 0
w 432 64 384 64 0
w 384 48 544 48 0
w 544 48 544 96 0
w 240 80 240 192 0
174 544 96 448 96 0 2500 0.6188 R
174 256 432 224 432 0 2500 0.5495000000000001 R10
w 240 448 224 448 0
w 224 448 224 432 0
w 224 432 208 432 0
w 496 112 448 112 0
w 448 112 448 96 0
w 448 96 432 96 0
w 544 192 544 496 0
o 59 64 0 4290 8.749002899132048 1.3998404638611277 0 2 58 0
o 58 64 0 4290 1.093625362391506 1.3998404638611277 1 2 57 0
o 57 64 0 4290 1.093625362391506 5.599361855444511 2 2 59 0
