$ 1 0.000005 19.867427341514983 58 5 50
w 256 320 192 320 0
R 240 224 64 224 0 1 40 2.5 2.5 0 0.5
r 368 224 368 320 0 1000
g 368 320 368 336 0
O 368 224 432 224 0
w 192 320 192 176 0
I 192 176 256 176 0 0.5 5
L 192 320 64 320 0 1 false 5 0
w 272 224 272 272 0
w 240 224 240 272 0
R 304 192 304 160 0 0 40 5 0 0 0.5
w 304 240 304 192 0
g 304 256 304 288 0
w 256 256 304 256 0
w 256 272 256 256 0
w 256 240 304 240 0
w 256 224 256 240 0
w 272 224 368 224 0
f 256 176 256 224 97 1.5 0.02
f 256 320 256 272 96 1.5 0.02
o 4 64 0 4098 5 0.00009765625 0 1
