$ 0 5.0E-6 10 50 5.0
f 192 128 256 128 5
f 192 224 256 224 4
w 256 144 256 176 0
w 256 176 256 208 0
w 192 128 192 176 0
w 192 176 192 224 0
f 336 112 336 176 5
f 336 240 336 176 4
w 256 240 336 240 0
w 256 112 336 112 0
w 192 176 144 176 0
w 144 176 144 272 0
w 144 272 384 272 0
w 384 272 384 176 0
w 336 112 336 80 0
w 336 80 144 80 0
L 144 80 64 80 0 true false
L 144 176 64 176 0 true false
w 336 240 432 240 0
I 432 80 432 240 0
w 336 80 432 80 0
w 256 176 288 176 0
w 288 176 320 176 0
w 288 176 288 304 0
M 288 304 288 352 0
w 352 176 384 176 0
x 199 361 215 361 0 20 output
