$ 1 5.0E-6 2.898875293967098 50 5.0 50
l 80 128 80 304 0 0.01 -0.010136293111238402
c 192 128 192 224 0 9.999999999999999E-5 0.6813812722941772
t 256 128 304 128 0 1 0.647542643140423 0.6813812722941772 100.0
c 192 224 192 304 0 9.999999999999999E-5 -0.627840195243891
w 80 304 192 304 0
w 80 128 192 128 0
w 192 128 256 128 0
w 192 224 304 224 0
w 304 144 304 224 0
w 304 112 352 112 0
r 352 112 352 304 0 1000.0
w 192 304 352 304 0
r 304 112 304 48 0 100.0
R 304 48 256 48 0 0 40.0 5.0 0.0 0.0 0.5
g 304 224 304 256 0
O 352 112 432 112 0
x 150 182 170 186 0 16 C1
x 150 271 171 275 0 16 C2
o 15 32 0 42 5.0 9.765625E-5 0 -1
