$ 1 5.0E-6 10 50 5.0
156 80 224 128 224 0 0.0
156 208 224 240 224 0 0.0
156 336 224 368 224 0 0.0
156 464 224 480 224 0 0.0
w 176 224 176 256 0
w 176 256 208 256 0
w 304 224 304 256 0
w 304 256 336 256 0
w 432 224 432 256 0
w 432 256 464 256 0
w 464 224 448 224 0
w 448 224 448 288 0
w 448 288 464 288 0
w 448 288 448 336 0
w 448 336 320 336 0
w 320 336 320 288 0
w 320 288 336 288 0
w 320 288 320 224 0
w 320 224 336 224 0
w 208 224 192 224 0
w 192 224 192 288 0
w 192 288 208 288 0
w 192 288 192 336 0
w 192 336 320 336 0
w 80 224 64 224 0
w 64 224 64 288 0
w 64 288 80 288 0
w 64 288 64 336 0
w 64 336 192 336 0
R 80 256 32 256 1 2 200.0 2.5 2.5
R 64 336 32 336 0 0 40.0 5.0 0.0
w 560 224 560 64 0
w 432 224 432 96 0
w 304 224 304 128 0
w 176 224 176 160 0
M 560 64 592 64 2
M 432 96 592 96 2
M 304 128 592 128 2
M 176 160 592 160 2
o 35 64 0 6 5.0 9.765625E-5 0
o 36 64 0 6 5.0 9.765625E-5 0
o 37 64 0 6 5.0 9.765625E-5 0
o 38 64 0 6 5.0 9.765625E-5 0
