$ 1 5.0E-6 11.251013186076355 63 5.0 50
l 208 160 320 160 0 1.0 -0.001826652874703726
l 320 160 432 160 0 1.0 3.59207891615332E-4
c 208 160 208 288 0 1.0E-6 0.7201238956969189
c 320 160 320 288 0 1.9999999999999998E-5 0.2893723277533031
c 432 160 432 288 0 1.0E-6 -1.5075704507629162
r 208 288 320 288 0 1.0
r 320 288 432 288 0 1.0
g 320 288 320 304 0
w 432 160 480 160 0
w 432 288 480 288 0
p 480 160 480 288 0
w 208 160 160 160 0
w 208 288 160 288 0
p 160 160 160 288 0
o 2 64 0 35 5.0 0.00625 0 -1
o 4 64 0 35 5.0 0.00625 1 -1
o 13 64 0 226 2.8 2.8 2 10
