$ 1 5.0E-6 10 50 5.0
w 208 128 208 192 0
w 320 208 320 128 0
r 208 128 320 128 0 160.6
g 208 288 208 320 0
w 208 192 176 192 0
w 176 192 176 160 0
r 176 160 112 160 0 200.0
r 112 224 176 224 0 400.0
L 112 160 80 160 0 true false 5.0 0.0
L 112 224 80 224 0 false false 5.0 0.0
w 176 160 176 96 0
r 112 288 176 288 0 800.0
r 112 96 176 96 0 100.0
L 112 96 80 96 0 true false 5.0 0.0
L 112 288 80 288 0 false false 5.0 0.0
a 208 208 320 208 0 15.0 -15.0
O 320 208 368 208 1
w 208 224 208 288 0
w 176 288 176 224 0
w 176 224 176 192 0
