$ 3 5.0E-6 5 86 5.0 50
w 400 16 424 16 0
c 424 16 424 48 0 1.0E-8 0
w 368 16 344 16 0
g 424 48 424 56 0
f 384 72 384 16 4
w 400 88 424 88 0
c 424 88 424 120 0 1.0E-8 5
w 368 88 344 88 0
g 424 120 424 128 0
f 384 144 384 88 4
w 344 16 344 88 0
w 400 160 424 160 0
c 424 160 424 192 0 1.0E-8 0
w 368 160 344 160 0
g 424 192 424 200 0
f 384 216 384 160 4
w 400 232 424 232 0
c 424 232 424 264 0 1.0E-8 5
w 368 232 344 232 0
f 384 288 384 232 4
w 344 160 344 232 0
w 344 88 344 160 0
w 384 72 320 72 0
w 384 144 320 144 0
w 384 216 320 216 0
w 384 288 320 288 0
150 280 72 320 72 1 2 0.0
150 280 144 320 144 1 2 0.0
150 280 216 320 216 1 2 5.0
150 280 288 320 288 1 2 0.0
w 232 64 280 64 0
w 232 64 232 136 0
w 232 136 280 136 0
w 232 136 232 152 0
w 280 208 232 208 0
I 232 152 232 208 0 0.5
w 232 208 232 280 0
w 232 280 280 280 0
w 280 80 264 80 0
w 264 80 264 224 0
w 264 224 280 224 0
w 280 152 256 152 0
I 208 224 208 296 0 0.5
w 208 224 264 224 0
w 256 152 256 296 0
w 208 296 256 296 0
w 256 296 280 296 0
L 208 224 160 224 2 false false 5.0 0.0
L 232 152 160 152 2 true false 5.0 0.0
w 344 304 408 304 0
a 408 312 456 312 3 5.0 0.0
R 408 320 376 320 0 0 40.0 2.5 0.0
w 456 312 456 352 0
159 344 352 456 352 0
159 280 352 344 352 0
x 84 195 100 195 0 12 row select
g 424 264 424 272 0
w 344 232 344 304 0
w 344 304 344 352 0
w 280 352 280 392 0
L 280 392 160 392 0 false false 5.0 0.0
L 208 360 160 360 0 true true 5.0 0.0
w 208 360 208 376 0
w 312 376 312 368 0
w 400 376 400 368 0
w 208 376 312 376 0
x 96 365 112 365 0 12 write
x 89 430 105 430 0 12 refresh
x 96 398 112 398 0 12 data
M 456 312 536 312 0 2.5
w 400 376 400 424 0
L 400 424 160 424 0 true true 5.0 0.0
