$ 1 5.0E-6 2.2188692582893284 54 1.5 58
t 48 240 96 240 0 1 -1.3934257822325842 0.1535491976387855 100.0
t 128 240 176 240 0 1 -1.3934257822325842 0.1535491976387855 100.0
w 96 224 96 192 0
w 96 192 176 192 0
w 176 192 176 224 0
w 96 256 96 288 0
w 96 288 176 288 0
w 176 288 176 256 0
r 208 288 208 384 0 1180.0
w 176 288 208 288 0
w 208 288 240 288 0
t 288 240 240 240 0 1 -0.20927369468138468 0.6038522693256799 100.0
w 240 256 240 288 0
w 240 224 240 144 0
w 176 192 176 112 0
r 176 112 176 48 0 217.0
r 240 48 240 112 0 240.0
w 240 112 240 144 0
t 336 192 288 192 0 1 -0.3644785302182464 0.5852183980948591 100.0
w 288 208 288 240 0
w 288 176 288 48 0
w 336 192 336 112 0
r 336 48 336 112 0 250.0
w 416 48 336 48 0
w 336 48 288 48 0
w 288 48 240 48 0
w 240 48 176 48 0
d 336 192 336 240 0
d 336 240 336 288 0
r 336 288 336 384 0 2460.0
w 240 144 384 144 0
w 176 112 448 112 0
t 384 144 416 144 0 1 -0.7404232336317208 0.5992782584002211 100.0
w 416 160 416 240 0
w 416 128 416 48 0
t 448 112 480 112 0 1 -0.00657421776741567 0.6036056663680556 100.0
w 416 48 480 48 0
w 480 48 480 96 0
w 480 128 480 208 0
r 416 288 416 384 0 1500.0
r 480 288 480 384 0 1500.0
w 480 384 416 384 0
w 416 384 336 384 0
r 288 288 288 384 0 2960.0
w 208 384 288 384 0
w 288 384 336 384 0
R 208 384 160 384 0 0 40.0 -5.2 0.0 0.0 0.5
w 176 48 128 48 0
g 128 48 128 80 0
L 48 240 48 144 0 0 false -0.7 -1.4
L 128 240 128 144 0 0 false -0.7 -1.4
M 480 208 528 208 0 -1.0
M 416 272 528 272 0 -1.0
x 515 191 541 194 0 12 NOR
x 518 255 535 258 0 12 OR
w 416 240 416 272 0
w 288 288 288 240 0
w 416 288 416 272 0
w 480 208 480 288 0
x 59 278 81 282 0 16 Q1
x 146 278 168 281 0 16 Q2
x 212 246 234 250 0 16 Q3
