$ 1 0.00009999999999999999 0.32112705431535615 49 1 50
l 432 240 432 304 0 0.1 0.004198949591694825
c 512 240 512 304 0 0.000049999999999999996 0.5491422454991525
t 480 192 528 192 0 1 0.5491422454991525 0.5814511719124205 100
t 672 192 624 192 0 1 -0.5491422454991525 0.03230892641326799 100
w 528 176 528 144 0
w 528 144 560 144 0
g 560 144 560 160 0
w 528 208 528 224 0
w 528 224 576 224 0
w 576 224 624 224 0
w 624 224 624 208 0
r 576 224 576 288 0 4700
R 576 288 576 320 0 0 40 -5.2 0 0 0.5
w 624 176 624 112 0
w 624 112 480 112 0
w 480 112 480 192 0
w 480 192 480 240 0
w 480 240 432 240 0
w 480 240 512 240 0
w 432 304 480 304 0
w 480 304 512 304 0
g 432 304 432 320 0
g 672 192 672 208 0
O 720 112 784 112 0
x 533 198 554 201 0 16 Q1
x 599 198 620 201 0 16 Q2
r 720 112 720 192 0 4474
g 720 192 720 208 0
w 720 112 624 112 0
x 682 159 705 162 0 18 RL
r 384 240 384 304 0 4474
x 389 352 513 355 0 18 Qu=100 QL=50
x 618 264 825 267 0 18 Uout=0.85*Uoutsaturation
w 384 240 432 240 0
w 432 304 384 304 0
x 347 279 370 282 0 18 Rp
x 533 352 728 355 0 18 If Rp=RL, then QL=Qu/2
x 385 226 467 229 0 18 fo=71.2Hz
o 23 2 0 42 0.625 0.0000244140625 0 -1
