$ 1 5.0E-6 10.812258501325767 65 5.0 50
r 464 192 464 256 0 5860.0
r 464 256 464 320 0 10000.0
g 464 320 464 336 0
w 224 128 224 176 0
g 304 256 304 272 0
w 304 176 352 176 0
a 352 192 464 192 1 15.0 -15.0
w 352 208 352 256 0
w 352 256 464 256 0
w 464 192 480 192 0
w 480 192 480 128 0
O 480 192 544 192 0
p 144 176 144 256 0
g 144 256 144 272 0
c 144 176 224 176 0 5.3E-8 -0.956532193261995
c 224 176 304 176 0 5.3E-8 2.2055312375929486
r 304 176 304 256 0 10000.0
r 224 128 480 128 0 10000.0
170 144 176 112 176 3 20.0 800.0 5.0 0.2
o 12 32 0 34 5.0 9.765625E-5 0 -1
o 11 32 0 34 2.5 2.44140625E-5 1 -1
