$ 1 5.0E-6 1.5 50 5.0
154 144 272 272 272 0 2 -0.0
154 336 256 464 256 0 2 -0.0
w 272 272 304 272 0
w 304 272 336 272 0
w 336 160 272 160 0
w 336 240 272 240 0
w 272 240 272 224 0
w 272 224 144 224 0
w 272 160 272 224 0
w 288 128 464 128 0
M 592 160 624 160 2
w 112 288 144 288 0
w 144 112 80 112 0
w 80 112 80 256 0
w 80 256 144 256 0
L 80 256 48 256 2 true false
L 112 288 48 288 2 true false
L 144 224 48 224 2 true false
w 144 144 112 144 0
w 112 144 112 288 0
w 464 128 464 144 0
w 336 192 304 192 0
w 304 192 304 272 0
w 464 256 576 256 0
w 576 256 576 208 0
M 576 208 624 208 2
150 144 128 288 128 0 2 0.0
150 336 176 464 176 0 2 0.0
152 464 160 592 160 0 2 0.0
