$ 1 0.000019999999999999998 3.1763992386181834 50 5 48
v 96 336 96 48 0 1 40 5 0 0 0.5
w 96 48 224 48 0
w 224 48 224 112 0
d 224 112 288 176 1 0.805904783
d 224 240 288 176 1 0.805904783
d 160 176 224 112 1 0.805904783
d 160 176 224 240 1 0.805904783
w 224 240 224 336 0
w 224 336 96 336 0
w 160 176 160 272 0
w 288 176 336 176 0
w 160 272 336 272 0
c 336 176 336 272 0 0.000102 3.5256269570800893
w 336 176 416 176 0
w 336 272 416 272 0
r 416 176 416 272 0 430
x 451 232 481 235 4 16 load
o 0 8 0 4098 5 0.00009765625 0 2 0 3
o 15 8 0 4099 5 0.0125 1 2 15 3
