$ 1 0.000005 10.20027730826997 50 5 50
t 272 416 320 416 0 1 -7.9586511063293175 0.6041811059115092 100
t 432 416 384 416 0 1 -8.743537811425677 0.587802296170039 100
w 320 432 320 448 0
r 320 448 384 448 0 1000
w 384 432 384 448 0
w 320 448 320 464 0
w 384 448 384 464 0
t 272 480 320 480 0 1 -12.164667336302934 0.5975584119633979 100
t 432 480 384 480 0 1 -11.41219770382996 0.5975584119633979 100
r 320 496 320 576 0 1000
r 384 496 384 576 0 1000
w 320 576 384 576 0
R 320 576 224 576 0 0 40 -15 0 0 0.5
R 272 416 224 416 0 1 80 2 0 0 0.5
w 272 480 272 512 0
w 272 512 432 512 0
w 432 512 432 480 0
g 432 416 432 448 0
R 528 416 480 416 0 3 10 2 0 0 0.5
t 528 416 576 416 0 1 -9.616538799021242 0.575021931996023 100
t 528 480 576 480 0 1 -9.987778067612625 0.5975584119633979 100
w 576 432 576 448 0
w 576 448 576 464 0
r 576 448 688 448 0 1000
t 720 416 688 416 0 1 -8.145458301308762 0.6089024293432088 100
t 720 480 688 480 0 1 -11.391097570656791 0.5975584119633979 100
w 688 448 688 464 0
w 688 432 688 448 0
r 576 496 576 576 0 1000
r 688 496 688 576 0 1000
w 384 576 576 576 0
w 576 576 688 576 0
w 720 480 752 480 0
R 752 480 800 480 0 0 40 -12 0 0 0.5
w 432 480 528 480 0
w 528 480 528 512 0
w 528 512 720 512 0
w 720 512 720 480 0
g 720 416 720 448 0
t 528 320 560 320 0 1 -1.065685166022 0.548160749913869 100
t 624 320 592 320 0 1 -1.0496810400708583 0.5641990127957861 100
w 560 336 576 336 0
w 592 336 576 336 0
w 576 368 576 400 0
t 640 320 672 320 0 1 -1.0657193029527754 0.5820412472349972 100
t 736 320 704 320 0 1 -1.0496469031400828 0.5980795101169143 100
w 672 336 688 336 0
w 688 336 704 336 0
w 688 336 688 400 0
w 576 368 576 336 0
w 528 320 528 352 0
w 528 352 640 352 0
w 640 352 640 320 0
w 736 320 736 368 0
w 736 368 624 368 0
w 624 368 624 320 0
w 624 368 384 368 0
w 384 368 384 400 0
t 432 256 384 256 0 1 0 0.5880234585137369 100
t 272 256 320 256 0 1 0 0.6040617213956541 100
w 320 272 320 320 0
w 320 320 528 320 0
w 384 272 384 368 0
w 320 320 320 400 0
w 272 256 272 208 0
w 272 208 320 208 0
w 320 208 320 240 0
w 320 208 352 208 0
w 352 208 384 208 0
w 384 208 384 240 0
w 384 208 432 208 0
w 432 208 432 256 0
r 352 208 352 272 0 1000
g 352 272 352 288 0
w 560 304 560 256 0
w 592 304 592 272 0
w 704 304 704 256 0
w 592 272 672 272 0
w 672 272 672 304 0
w 560 256 704 256 0
a 752 240 848 240 0 15 -15 1000000 9.793218851496535 9.79318471456576
w 752 192 752 224 0
r 752 192 848 192 0 4000
w 848 192 848 240 0
w 752 256 752 304 0
r 752 304 816 304 0 4000
g 816 304 816 336 0
w 704 256 752 256 0
r 672 192 672 128 0 1000
w 672 192 752 192 0
r 704 256 704 192 0 1000
w 704 192 704 128 0
w 704 128 672 128 0
w 672 128 352 128 0
z 352 208 352 128 1 0.805904783 5.6
R 352 128 240 128 0 0 40 15 0 0 0.5
O 848 240 912 240 0
w 672 192 672 304 0
o 13 64 0 2082 2.3384026197294445 0.000045671926166590717 0 -1 0
o 18 64 0 2082 2.3384026197294445 0.000045671926166590717 1 -1 0
o 96 64 0 2082 17.498005798264096 9.765625e-105 2 -1 0
