$ 3 5.0E-6 23 50 5.0 50
R 144 152 104 152 1 2 200.0 2.5 2.5
154 304 152 432 152 0 2 0.0
154 304 224 432 224 0 2 5.0
154 304 296 432 296 0 2 0.0
w 240 312 304 312 0
w 304 240 304 280 0
w 240 96 304 96 0
w 304 96 304 136 0
w 304 96 432 96 0
M 432 96 472 96 0 2.5
M 432 152 472 152 0 2.5
M 432 224 472 224 0 2.5
M 432 296 472 296 0 2.5
164 144 152 224 152 0 4 0.0 5.0 0.0 0.0
w 240 96 240 152 0
w 240 184 304 184 0
w 304 184 304 168 0
w 304 184 304 208 0
w 240 248 240 312 0
w 240 216 264 216 0
w 264 216 264 240 0
w 264 240 304 240 0
R 144 248 104 248 0 0 40.0 5.0 0.0
o 9 64 0 6 5.0 9.765625E-5 0
o 10 64 0 6 5.0 9.765625E-5 0
o 11 64 0 6 5.0 9.765625E-5 0
o 12 64 0 6 5.0 9.765625E-5 0
