$ 1 5.0E-6 10.634267539816555 57 5.0 50
a 368 128 480 128 0 15.0 -15.0 1000000.0
w 480 128 480 80 0
w 480 80 368 80 0
w 368 80 368 112 0
r 368 144 368 240 0 20000.0
r 368 112 272 112 0 1000.0
c 272 144 368 144 0 2.5E-7 -1.9401381307764982
w 272 144 272 128 0
w 272 112 272 128 0
R 272 128 208 128 0 2 20.0 5.0 0.0 0.0 0.5
g 368 240 368 272 0
R 272 320 208 320 0 2 20.0 5.0 0.0 0.0 0.5
l 368 320 368 384 0 5.0 -0.0019401381307769976
g 368 384 368 400 0
r 368 320 272 320 0 1000.0
o 9 64 0 35 9.353610478917778 0.005846006549323612 0 -1
o 11 64 0 35 9.353610478917778 0.005846006549323612 1 -1
