$ 3 5.0E-6 10.391409633455755 50 5.0 50
155 88 360 104 360 1 5.0
155 168 360 184 360 1 5.0
155 248 360 256 360 1 5.0
155 328 360 344 360 1 5.0
155 408 360 424 360 1 5.0
w 456 392 456 416 0
w 456 416 64 416 0
w 64 416 64 360 0
w 64 360 88 360 0
w 88 376 80 376 0
w 80 376 80 440 0
w 168 376 160 376 0
w 160 376 160 440 0
w 248 376 240 376 0
w 240 376 240 440 0
w 328 376 320 376 0
w 320 376 320 440 0
w 408 376 400 376 0
w 400 376 400 440 0
w 80 440 160 440 0
w 160 440 240 440 0
w 240 440 320 440 0
w 320 440 400 440 0
R 80 440 24 440 1 2 300.0 2.5 2.5 0.0 0.5
150 128 312 128 256 1 2 5.0
150 168 312 168 256 1 2 0.0
150 208 312 208 256 1 2 0.0
150 248 312 248 256 1 2 0.0
150 288 312 288 256 1 2 0.0
150 328 312 328 256 1 2 0.0
150 368 312 368 256 1 2 0.0
150 408 312 408 256 1 2 0.0
150 448 312 448 256 1 2 0.0
150 88 312 88 256 1 2 0.0
w 64 360 64 312 0
w 64 312 80 312 0
w 136 392 136 344 0
w 136 344 96 344 0
w 96 344 96 312 0
w 120 312 120 320 0
w 120 320 456 320 0
w 456 320 456 312 0
w 136 312 160 312 0
w 160 312 160 360 0
w 160 360 168 360 0
w 456 320 456 360 0
w 216 360 216 312 0
w 216 312 240 312 0
w 216 392 224 392 0
w 224 392 224 336 0
w 224 336 176 336 0
w 176 336 176 312 0
w 280 312 280 336 0
w 280 336 224 336 0
w 296 360 296 312 0
w 296 312 320 312 0
w 376 360 376 312 0
w 376 312 400 312 0
w 200 312 200 344 0
w 200 344 136 344 0
w 360 312 360 328 0
w 256 328 256 312 0
w 296 392 304 392 0
w 256 328 304 328 0
w 304 328 304 392 0
w 304 328 360 328 0
w 336 312 336 336 0
w 336 336 384 336 0
w 384 336 440 336 0
w 440 336 440 312 0
w 384 336 384 392 0
w 384 392 376 392 0
w 416 312 416 328 0
w 416 328 464 328 0
w 464 328 464 392 0
w 464 392 456 392 0
w 88 256 88 40 0
w 88 40 456 40 0
w 168 256 168 64 0
w 168 64 456 64 0
w 248 256 248 88 0
w 248 88 456 88 0
M 456 40 488 40 0 2.5
M 456 64 488 64 0 2.5
M 456 88 488 88 0 2.5
w 328 256 328 112 0
w 328 112 456 112 0
w 408 256 408 136 0
w 408 136 456 136 0
M 456 112 488 112 0 2.5
M 456 136 488 136 0 2.5
w 456 160 128 160 0
w 456 184 208 184 0
w 456 208 288 208 0
w 456 232 368 232 0
w 456 256 448 256 0
w 128 160 128 256 0
w 208 184 208 256 0
w 288 208 288 256 0
w 368 232 368 256 0
M 456 160 488 160 0 2.5
M 456 184 488 184 0 2.5
M 456 208 488 208 0 2.5
M 456 232 488 232 0 2.5
M 456 256 488 256 0 2.5
w 136 360 144 360 0
w 144 360 144 448 0
w 144 360 160 360 0
w 216 360 232 360 0
w 232 360 232 448 0
w 232 360 248 360 0
w 296 360 312 360 0
w 312 360 328 360 0
w 312 360 312 448 0
w 376 360 392 360 0
w 392 360 392 448 0
w 392 360 408 360 0
w 456 360 472 360 0
w 472 360 472 448 0
M 144 448 144 464 0 2.5
M 232 448 232 464 0 2.5
M 312 448 312 464 0 2.5
M 392 448 392 464 0 2.5
M 472 448 472 464 0 2.5
