$ 1 0.00000625 0.529449005047003 50 5 50
r 816 592 816 640 0 300
r 848 592 848 640 0 300
r 880 592 880 640 0 300
r 976 592 976 640 0 300
r 944 592 944 640 0 300
r 912 592 912 640 0 300
r 752 592 752 640 0 300
r 784 592 784 640 0 300
t 720 656 752 656 0 1 -4.933101106309588 1.0493310110214767e-10 100
t 720 688 784 688 0 1 -4.933101107200232 1.0493310110303833e-10 100
t 720 720 816 720 0 1 -4.933101106898025 1.0493310110273612e-10 100
t 720 752 848 752 0 1 -4.933101106045909 1.0493310110188401e-10 100
t 720 784 880 784 0 1 -4.933101106139725 1.0493310110197784e-10 100
t 720 816 912 816 0 1 -4.933101106257256 1.0493310110209533e-10 100
t 720 848 944 848 0 1 -4.933101106375779 1.0493310110221389e-10 100
w 784 640 784 672 0
w 816 640 816 704 0
w 848 640 848 736 0
w 880 640 880 768 0
w 912 640 912 800 0
w 944 640 944 832 0
t 720 880 976 880 0 1 0.6322798038637886 0.6720904048771863 100
w 976 640 976 864 0
g 752 672 752 928 0
g 784 704 784 928 0
g 816 736 816 928 0
g 848 768 848 928 0
g 880 800 880 928 0
g 912 832 912 928 0
g 944 864 944 928 0
g 976 896 976 928 0
r 720 656 640 656 0 1000
r 720 688 640 688 0 1000
r 720 720 640 720 0 1000
r 720 752 640 752 0 1000
r 720 784 640 784 0 1000
r 720 816 640 816 0 1000
r 720 848 640 848 0 1000
r 720 880 640 880 0 1000
185 480 656 656 656 0 3
R 480 656 448 656 0 0 40 5 0 0 0.5
164 176 336 240 336 0 3 5 5 5 false 0
w 576 1008 576 944 0
w 544 976 544 944 0
R 176 336 144 336 1 2 5000 2.5 2.5 0 0.5
g 176 400 176 432 0
! smiley 0 S2,S1,S0 A,B,C,D,E,F,G,H smiley\sgenerator 000\q00111100\n001\q01000010\n010\q10101001\n011\q10000101\n100\q10000101\n101\q10101001\n110\q01000010\n111\q00111100\n
208 624 336 672 336 0 smiley 0 0 5 5 5 5 0 0
w 272 336 304 336 0
w 304 336 304 1008 0
w 272 368 336 368 0
w 336 368 336 976 0
w 272 400 368 400 0
w 368 400 368 944 0
w 304 336 624 336 0
w 336 368 624 368 0
w 368 400 624 400 0
w 304 1008 576 1008 0
w 336 976 544 976 0
w 368 944 512 944 0
405 720 336 784 336 0 8 8
