$ 1 5.0E-6 10 50 5.0
151 432 160 528 160 0 2 5.0
151 432 272 528 272 0 2 0.0
w 432 240 432 256 0
w 432 176 432 192 0
w 528 240 528 272 0
w 528 240 432 192 0
w 528 160 528 192 0
w 528 192 432 240 0
151 320 144 432 144 0 2 5.0
151 320 288 432 288 0 2 5.0
w 320 160 320 272 0
w 320 272 320 352 0
151 192 160 288 160 0 2 5.0
151 192 272 288 272 0 2 0.0
w 320 128 288 128 0
w 288 128 288 160 0
w 288 272 288 304 0
w 288 304 320 304 0
w 192 176 192 192 0
w 192 256 192 240 0
w 288 240 288 272 0
w 288 240 192 192 0
w 288 192 288 160 0
w 288 192 192 240 0
151 80 144 192 144 0 2 0.0
151 80 288 192 288 0 2 5.0
I 80 352 320 352 0
M 528 160 592 160 0
M 528 272 592 272 0
x 518 133 534 133 0 24 Q
x 520 321 536 321 2 24 Q
x 153 79 169 79 0 24 master
x 399 81 415 81 0 24 slave
w 80 160 80 304 0
w 80 304 80 352 0
I 48 128 48 272 0
w 48 128 80 128 0
w 48 272 80 272 0
L 48 128 48 96 0 false false
x 39 62 55 62 0 24 D
R 80 352 48 352 1 2 120.0 2.5 2.5
o 38 64 0 6 5.0 9.765625E-5 0 D
o 27 64 0 6 5.0 9.765625E-5 0 Q
o 40 64 0 6 5.0 9.765625E-5 0 clk
