$ 1 5.0E-9 5.023272298708815 52 1.0 50
m 208 128 256 80 0 100.0 250000.0 0 1.0E-8 1.0E-10
m 288 128 336 80 0 100.0 250000.0 0 1.0E-8 1.0E-10
m 208 240 256 192 0 100.0 250000.0 1.0e-8 1.0E-8 1.0E-10
m 288 240 336 192 0 100.0 250000.0 0 1.0E-8 1.0E-10
w 208 128 288 128 0
w 208 240 288 240 0
w 256 80 256 192 0
w 336 80 336 192 0
w 256 192 256 304 0
w 336 192 336 304 0
w 288 240 368 240 0
w 368 240 448 240 0
w 288 128 368 128 0
w 368 128 448 128 0
m 368 128 416 80 0 100.0 250000.0 1.0e-8 1.0E-8 1.0E-10
m 448 128 496 80 0 100.0 250000.0 1.0e-8 1.0E-8 1.0E-10
m 368 240 416 192 0 100.0 250000.0 1.0e-8 1.0E-8 1.0E-10
m 448 240 496 192 0 100.0 250000.0 0 1.0E-8 1.0E-10
w 416 80 416 192 0
w 416 192 416 304 0
w 496 80 496 192 0
w 496 192 496 304 0
S 96 176 208 176 0 0 false 0 false 0
w 208 128 208 160 0
w 208 192 208 240 0
R 96 176 48 176 0 1 500000.0 1.0 0.0 0.0 0.5
r 256 304 256 368 0 10000.0
r 336 304 336 368 0 10000.0
r 416 304 416 368 0 10000.0
r 496 304 496 368 0 10000.0
g 256 368 256 384 0
g 336 368 336 384 0
g 416 368 416 384 0
g 496 368 496 384 0
w 448 128 512 128 0
w 448 240 512 240 0
r 512 128 576 128 0 1000.0
r 512 240 576 240 0 1000.0
g 576 240 576 272 0
g 576 128 576 160 0
o 26 32 0 54 1.1 9.765625E-5 0 -1
o 27 32 0 54 1.1 9.765625E-5 0 -1
o 28 32 0 54 1.1 9.765625E-5 0 -1
o 29 32 0 54 1.1 9.765625E-5 0 -1
