$ 1 0.000005 8.281975887399955 50 5 50
w 112 48 208 48 0
w 208 48 288 48 0
w 288 48 384 48 0
r 112 48 112 176 0 330
r 208 48 208 176 0 1020
r 288 48 288 176 0 1020
r 384 48 384 176 0 320
c 112 176 208 176 0 0.000018 3.7024016598584764
c 384 176 288 176 0 0.000018 -0.5571050333713464
w 384 176 384 240 0
t 288 256 384 256 0 1 0.6334943517995971 0.6821481504454086 100
w 208 176 288 256 0
w 288 176 208 256 0
t 208 256 112 256 0 1 -3.778790978286727 0.6057588320171579 100
w 112 176 112 240 0
R 112 48 64 48 0 0 40 5 0 0 0.5
g 112 272 112 304 0
g 384 272 384 304 0
x 159 212 179 215 4 16 C1
x 317 213 337 216 4 16 C2
x 85 260 106 263 4 16 Q1
x 390 259 411 262 4 16 Q2
403 192 208 224 240 0 12_256_0_4102_5_0.1_0_2_12_3
403 272 208 304 240 0 11_256_0_4102_5_0.4_0_2_11_3
403 320 128 352 160 0 8_128_0_4102_5_0.4_0_2_8_3
403 144 128 176 160 0 7_128_0_4102_5_0.1_0_2_7_3
o 13 64 6 4099 8.840953122049878 0.0001 0 2 10 6
