$ 1 5.0E-6 8.6 50 5.0 50
w 192 32 272 32 0
r 192 32 192 160 0 330.0
r 272 32 272 160 0 1020.0
r 432 32 432 160 0 320.0
c 192 160 272 160 0 1.8E-5 4.3449566448532755
w 432 160 432 224 0
t 352 240 432 240 0 1 0.6277842747260773 0.6549145378729839 100.0
w 272 160 352 240 0
w 352 160 272 240 0
t 272 240 192 240 0 1 -4.972740919574546 0.027130263151713234 100.0
w 192 160 192 224 0
r 352 160 432 160 0 100.0
t 128 240 192 240 0 1 -4.901331660083208 0.09853952264305138 100.0
w 128 32 192 32 0
r 128 32 128 144 0 100.0
s 128 144 128 240 0 1 true
w 272 32 432 32 0
R 128 32 64 32 0 0 40.0 5.0 0.0 0.0 0.5
g 192 256 192 304 0
g 432 256 432 304 0
x 444 247 466 251 0 16 Q1
o 6 64 6 35 2.5 9.765625E-5 0 -1
