$ 1 4.9999999999999996E-6 1.5642631884188172 60 15.0 66
t 64 128 96 128 0 1 -14.46038257128449 0.4699505311909224 100.0
t 128 192 96 192 0 -1 13.167263810426565 -0.46995053119092234 100.0
t 96 256 144 256 0 1 -29.043132450831923 0.4727778362899038 100.0
t 144 320 96 320 0 1 -0.4727778362899038 0.46966901844007936 100.0
r 96 336 96 432 0 1000.0
r 144 320 144 432 0 50000.0
w 144 272 144 320 0
w 96 256 96 304 0
w 96 256 96 208 0
w 96 144 96 176 0
t 240 128 208 128 0 1 -14.524414993260976 0.43793432020267864 100.0
t 176 192 208 192 0 -1 14.106489865918032 -0.43793432020267853 100.0
w 208 144 208 176 0
w 128 192 176 192 0
w 176 192 176 224 0
w 208 208 208 256 0
t 144 320 208 320 0 1 0.4664482192015633 0.4735715003080774 100.0
w 208 256 208 304 0
r 208 336 208 432 0 1000.0
w 96 432 144 432 0
w 144 432 208 432 0
R 96 432 48 432 0 0 40.0 -15.0 0.0 0.0 0.5
t 208 64 160 64 0 -1 0.0 -0.47558500673902415 100.0
t 208 64 304 64 0 -1 15.400283633666334 -0.47558500673902415 100.0
w 208 112 160 112 0
w 96 112 160 112 0
w 160 80 160 112 0
w 208 64 208 112 0
w 304 80 304 224 0
w 304 224 176 224 0
w 160 48 160 32 0
w 160 32 304 32 0
w 304 32 304 48 0
w 144 240 144 32 0
w 144 32 160 32 0
R 144 32 48 32 0 0 40.0 15.0 0.0 0.0 0.5
t 336 320 304 320 0 1 -13.556006792099927 0.4758387148737153 100.0
t 336 320 368 320 0 1 0.0 0.5681245674947153 100.0
w 304 224 304 304 0
r 304 336 304 432 0 5000.0
w 208 432 304 432 0
w 304 432 368 432 0
w 368 432 368 336 0
w 336 320 336 272 0
w 336 272 368 272 0
w 368 272 368 304 0
r 368 272 368 112 0 39000.0
t 432 64 368 64 0 -1 0.0 -0.5579117469270845 100.0
t 432 64 512 64 0 -1 -0.5576629644457523 -0.5579117469270845 100.0
w 368 80 368 112 0
w 432 64 432 112 0
w 432 112 368 112 0
w 304 32 368 32 0
w 368 32 368 48 0
w 368 32 512 32 0
w 512 32 512 48 0
w 512 80 512 112 0
w 512 112 544 112 0
t 544 112 592 112 0 1 -2.4878248133219927E-4 0.006121869393414414 100.0
t 592 160 544 160 0 1 -0.006121869393414414 9.769962616701378E-13 100.0
w 544 112 544 144 0
w 592 128 592 160 0
w 592 96 592 32 0
w 592 32 512 32 0
w 544 176 544 224 0
r 592 160 592 224 0 25.0
w 544 224 592 224 0
r 592 224 592 304 0 50.0
w 512 112 512 160 0
w 592 336 592 432 0
t 480 224 512 224 0 1 -1.58176582942815E-9 2.636269869071839E-9 100.0
r 480 224 480 160 0 4500.0
r 480 224 480 288 0 7500.0
w 480 288 512 288 0
w 512 288 512 240 0
w 512 208 512 160 0
w 512 160 480 160 0
t 512 320 592 320 0 -1 29.999751213300634 0.006121865178858599 100.0
w 512 288 512 320 0
t 480 336 512 336 0 1 -29.999751203174743 1.0122121807398798E-8 100.0
t 512 368 432 368 0 1 -0.0176414936728424 3.767652856367931E-12 100.0
r 512 368 512 432 0 50.0
w 480 336 480 384 0
r 480 384 480 432 0 50000.0
w 480 432 512 432 0
w 512 432 592 432 0
w 480 432 432 432 0
w 432 432 432 384 0
w 368 432 432 432 0
w 512 352 512 368 0
t 432 304 480 304 0 1 -29.98210971962402 0.017641483550720594 100.0
w 432 304 432 352 0
w 480 320 480 336 0
w 208 256 432 256 0
w 432 256 432 304 0
w 480 160 432 160 0
c 432 160 432 256 0 3.0E-11 29.982109723842058
O 592 224 624 224 0
R 64 128 64 176 0 1 120.0 0.1 0.0 0.0 0.5
g 240 128 240 176 0
x 245 105 259 111 0 24 -
x 41 105 60 111 0 24 %2b
o 98 64 0 34 0.625 9.765625E-5 0 -1
o 97 16 0 34 20.0 9.765625E-5 1 -1
