$ 1 2.0E-7 1.0751013186076355 58 15.0 66
t 64 160 96 160 0 1 -14.524416831323471 -2.506758109063678 100.0
t 128 224 96 224 0 -1 19.913739554792024 2.5067581090636915 100.0
t 96 288 144 288 0 1 -29.900223336664652 0.09977639416092643 100.0
t 144 352 96 352 0 1 -0.09977639416092643 2.691253317976816E-7 100.0
r 96 368 96 448 0 1000.0
r 144 352 144 448 0 50000.0
w 144 304 144 352 0
w 96 288 96 336 0
w 96 288 96 240 0
w 96 176 96 208 0
t 240 160 208 160 0 1 -8.558744145161098 0.4760782340175016 100.0
t 176 224 208 224 0 -1 18.933020836280406 -0.4760782340175016 100.0
w 208 176 208 208 0
w 128 224 176 224 0
w 176 224 176 256 0
w 208 240 208 288 0
t 144 352 208 352 0 1 -1.0804951126725442 2.69124420526623E-7 100.0
w 208 288 208 336 0
r 208 368 208 448 0 1000.0
w 96 448 144 448 0
w 144 448 208 448 0
R 96 448 48 448 0 0 40.0 -15.0 0.0 0.0 0.5
t 208 96 160 96 0 -1 0.0 -0.47558316867652906 100.0
t 208 96 304 96 0 -1 9.510900613196101 -0.47558316867652906 100.0
w 208 144 160 144 0
w 96 144 160 144 0
w 160 112 160 144 0
w 208 96 208 144 0
w 304 112 304 256 0
w 304 256 176 256 0
w 160 80 160 64 0
w 160 64 304 64 0
w 304 64 304 80 0
w 144 272 144 64 0
w 144 64 160 64 0
R 144 64 48 64 0 0 40.0 15.0 0.0 0.0 0.5
t 336 352 304 352 0 1 -19.445400273532385 0.475836876811206 100.0
t 336 352 368 352 0 1 0.0 0.5681159445949842 100.0
w 304 256 304 336 0
r 304 368 304 448 0 5000.0
w 208 448 304 448 0
w 304 448 368 448 0
w 368 448 368 368 0
w 336 352 336 304 0
w 336 304 368 304 0
w 368 304 368 336 0
r 368 304 368 144 0 39000.0
t 432 96 368 96 0 -1 0.0 -0.5678758104275303 100.0
t 432 96 512 96 0 -1 5.935809575255384 -0.5678758104275303 100.0
w 368 112 368 144 0
w 432 96 432 144 0
w 432 144 368 144 0
w 304 64 368 64 0
w 368 64 368 80 0
w 368 64 512 64 0
w 512 64 512 80 0
w 512 112 512 144 0
w 512 144 544 144 0
t 544 144 592 144 0 1 -6.503685385682914 0.5747794839304037 100.0
t 592 192 544 192 0 1 -0.5747794839304037 0.024148064987379314 100.0
w 544 144 544 176 0
w 592 160 592 192 0
w 592 128 592 64 0
w 592 64 512 64 0
w 544 208 544 256 0
r 592 192 592 256 0 25.0
w 544 256 592 256 0
r 592 256 592 336 0 50.0
w 512 144 512 192 0
w 592 368 592 448 0
t 480 256 512 256 0 1 -0.3684886259495066 0.5652176348585964 100.0
r 480 256 480 192 0 4500.0
r 480 256 480 320 0 7500.0
w 480 320 512 320 0
w 512 320 512 272 0
w 512 240 512 192 0
w 512 192 480 192 0
t 512 352 592 352 0 -1 22.562608353508985 -0.33477544138584836 100.0
w 512 320 512 352 0
t 480 368 512 368 0 1 -21.958971011928803 0.5675170607198208 100.0
t 512 400 432 400 0 1 -1.0443751009866045 0.03612028086036112 100.0
r 512 400 512 448 0 50.0
w 480 368 480 416 0
r 480 416 480 448 0 50000.0
w 480 448 512 448 0
w 512 448 592 448 0
w 480 448 432 448 0
w 432 448 432 416 0
w 368 448 432 448 0
w 512 384 512 400 0
t 432 336 480 336 0 1 -21.48211297166202 0.4768580402667837 100.0
w 432 336 432 384 0
w 480 352 480 368 0
w 208 288 432 288 0
w 432 288 432 336 0
w 480 192 432 192 0
c 432 192 432 288 0 3.0E-11 22.41581923247012
O 624 256 656 256 0
g 64 160 64 208 0
w 240 160 240 32 0
r 240 32 624 32 0 2000.0
w 624 32 624 256 0
w 624 256 592 256 0
r 240 32 144 32 0 1000.0
R 144 32 96 32 0 2 12000.0 5.0 0.0 0.0 0.5
x 29 167 48 173 0 24 %2b
x 241 195 255 201 0 24 -
o 104 4 0 34 5.0 0.003125 0 -1 in
o 97 2 0 290 20.0 9.765625E-5 1 -1 out
