$ 1 0.000019999999999999998 7.010541234668786 64 5 50
402 512 528 624 528 0 0_0_40_-9_0_0_0.5 0_0_40_9_0_0_0.5 0_1_-7.706770717572512_0.5136506772730565_100 0_1_-0.5136506772730565_0.5134043698921236_100 0_1_0_0.5134043698921236_100 0_1_-7.77671430671658_0.49657201297165443_100 0_1_-7.779737407777473_0.49556431261798917_100 0_-1_0.49656711146272414_-0.49632080411134893_100 0_-1_0_-0.49632080411134893_100 0_-1_16.014233971869707_-0.49656711146272414_100 0_-1_0.4955594111078838_-0.49531310375896176_100 0_-1_0_-0.49531310375896176_100 0_-1_8.063446815812046_-0.4955594111078838_100 0_1_0_0.49631590260242753_100 0_1_-0.49656220995379385_0.49631590260242753_100 0_1_-7.952802556764888_0.49656220995379385_100 0_1_0_0.5578444879154357_100 0_1_0_0.558852188269101_100
w 192 512 192 640 1
g 192 640 192 656 0
R 384 384 384 352 0 1 40 1 0 0 0.5
w 512 528 464 528 0
r 464 432 464 384 0 8200
R 464 384 464 352 0 0 40 9 0 0 0.5
r 608 448 608 384 0 1000
172 608 384 608 352 0 6 -7.89 -6 -9 0 0.5 Voltage for Iabc
r 656 528 656 608 0 33000
g 656 608 656 656 0
r 384 496 384 432 0 27000
w 656 528 624 528 0
w 512 496 384 496 0
w 512 560 384 560 0
w 608 448 608 496 1
i 304 512 192 512 0 0.0005
c 384 384 384 432 0 0.00001 -0.20785846335140767
S 384 496 304 496 0 1 false 1 2
S 384 560 304 560 0 1 false 1 2
r 304 544 256 544 0 470
w 304 576 304 640 0
w 256 544 256 640 0
r 304 480 192 480 0 470
w 256 640 192 640 1
w 256 640 304 640 0
w 464 432 464 480 1
w 464 480 464 528 0
w 192 480 192 512 0
x 199 699 524 702 0 12 Switch in upper position - normal configuration for LM13700
x 201 721 574 724 0 12 Switch in lower position - configuration used on LM13700 data sheet
x 201 743 626 746 0 12 Note the difference in gain by a factor of approx. 2 between the switch settings.
o 9 16 0 4866 0.6037878580135719 0.0001 0 2 9 3
o 1 16 0 4097 0.0001 0.001039028731101719 1 2 1 3
o 24 16 0 4097 0.0001 0.0010320264263969903 1 2 24 3
