$ 1 0.000005 10.20027730826997 50 5 50
402 512 528 624 528 0 0_0_40_-9_0_0_0.5 0_0_40_9_0_0_0.5 0_1_-7.6888947638572915_0.5189199702402991_100 0_1_-0.5189199702402991_0.5186736628536401_100 0_1_0_0.5186736628536401_100 0_1_-7.7676580273939955_0.5020365620081565_100 0_1_-7.7718816602774075_0.5006286843803154_100 0_-1_0.5020316605048567_-0.5017853531417611_100 0_-1_0_-0.5017853531417611_100 0_-1_15.992375775713349_-0.5020316605048567_100 0_-1_0.5006237828756808_-0.500377475515366_100 0_-1_0_-0.500377475515366_100 0_-1_8.092813632628253_-0.5006237828756808_100 0_1_0_0.5017804516384725_100 0_1_-0.5020267590015601_0.5017804516384725_100 0_1_-7.902377898340667_0.5020267590015601_100 0_1_0_0.5576458722273044_100 0_1_0_0.5590537498551456_100
r 384 496 288 496 0 470
r 384 560 288 560 0 470
w 288 496 288 560 0
g 288 560 288 672 0
c 384 384 336 384 0 0.00001 0.2190586410055333
R 336 384 288 384 0 4 40 1 0 0 0.5
w 512 528 464 528 0
r 464 528 464 384 0 8200
R 464 384 464 352 0 0 40 9 0 0 0.5
r 608 448 608 384 0 1000
172 608 384 608 352 0 6 -7.86 -6 -9 0 0.5 Voltage for Iabc
r 656 528 656 608 0 33000
g 656 608 656 672 0
r 384 496 384 384 0 27000
w 656 528 624 528 0
w 512 496 384 496 0
w 512 560 384 560 0
w 608 448 608 496 1
o 12 64 0 4614 0.14615016373309028 0.00009134385233318143 0 2 12 3
o 6 64 0 4614 1.1692013098647223 0.000045671926166590717 0 2 6 3


