$ 1 2.0E-5 6.7 50 5.0
r 112 96 176 96 0 100.0
r 176 96 240 96 0 100.0
r 240 96 304 96 0 100.0
r 304 96 368 96 0 100.0
c 176 96 112 160 0 3.9999999999999996E-5 -0.10741100884462906
c 240 96 176 160 0 1.9999999999999998E-5 1.1133615569674231
c 304 96 240 160 0 9.999999999999999E-6 -0.7647587214948204
c 368 96 304 160 0 4.9999999999999996E-6 -2.06464071412291
r 112 160 176 160 0 100.0
r 176 160 240 160 0 100.0
r 240 160 304 160 0 100.0
r 304 160 368 160 0 100.0
c 176 160 112 224 0 3.9999999999999996E-5 -2.8808489197362044
c 240 160 176 224 0 1.9999999999999998E-5 -1.9733158385444027
c 304 160 240 224 0 1.0E-5 -2.770585096178578
c 368 160 304 224 0 4.9999999999999996E-6 -3.3745823741490737
c 176 224 112 288 0 3.9999999999999996E-5 0.10741100884465973
c 240 224 176 288 0 1.9999999999999998E-5 -1.1133615569673985
c 304 224 240 288 0 1.0E-5 0.7647587214948486
c 368 224 304 288 0 4.9999999999999996E-6 2.064640714122932
r 112 224 176 224 0 100.0
r 176 224 240 224 0 100.0
r 240 224 304 224 0 100.0
r 304 224 368 224 0 100.0
r 368 288 304 288 0 100.0
r 304 288 240 288 0 100.0
r 240 288 176 288 0 100.0
r 176 288 112 288 0 100.0
c 176 288 112 352 0 3.9999999999999996E-5 2.880848919736184
c 240 288 176 352 0 1.9999999999999998E-5 1.9733158385443441
c 304 288 240 352 0 1.0E-5 2.770585096178546
c 368 288 304 352 0 4.9999999999999996E-6 3.3745823741490497
w 304 352 384 352 0
w 384 352 384 80 0
w 384 80 304 80 0
w 304 80 304 96 0
w 240 352 240 368 0
w 240 368 400 368 0
w 400 368 400 64 0
w 400 64 240 64 0
w 240 64 240 96 0
w 176 352 176 384 0
w 176 384 416 384 0
w 416 384 416 48 0
w 416 48 176 48 0
w 176 48 176 96 0
w 112 352 112 400 0
w 112 400 432 400 0
w 432 400 432 32 0
w 432 32 112 32 0
w 112 32 112 96 0
w 368 96 448 96 0
w 368 160 448 160 0
w 368 224 448 224 0
w 368 288 448 288 0
O 448 96 496 96 0
O 448 160 496 160 0
O 448 224 496 224 0
O 448 288 496 288 0
w 112 96 112 128 0
w 112 128 112 160 0
w 112 224 112 256 0
w 112 256 112 288 0
v 48 192 48 128 0 1 40.0 5.0 0.0
v 48 256 48 192 0 1 40.0 5.0 0.0
w 48 128 112 128 0
w 48 256 112 256 0
o 55 32 0 6 5.0 9.765625E-5 0
o 56 32 0 6 5.0 9.765625E-5 0
o 57 32 0 6 5.0 9.765625E-5 0
o 58 32 0 6 5.0 9.765625E-5 0
