$ 1 5.0E-6 10.391409633455755 43 10.0 42
t 256 192 320 192 0 1 -13.466578126476486 0.7195904601612297
t 256 288 320 288 0 -1 5.091136762641694 -0.72269465072059
w 320 208 320 240 0
w 320 240 320 272 0
w 320 304 320 352 0
r 256 288 256 352 0 220.0
r 256 192 256 128 0 220.0
d 256 240 256 288 0
R 256 240 192 240 0 1 40.0 5.0 0.0 0.0 0.5
w 256 352 320 352 0
w 256 128 320 128 0
w 320 128 320 176 0
R 256 128 256 80 0 0 40.0 10.0 0.0 0.0 0.5
R 256 352 256 400 0 0 40.0 -10.0 0.0 0.0 0.5
d 256 192 256 240 0
w 320 240 400 240 0
r 400 240 400 352 0 10.0
g 400 352 400 384 0
O 400 240 448 240 0
o 8 64 0 34 6.0 0.025 0 -1
o 18 64 0 34 6.0 9.765625E-5 1 -1
