$ 1 0.000005 1.6308177459886661 50 5 50
178 224 208 160 208 0 1 0.2 0.019217555445093713 0.05 1000000 0.02 20
c 304 160 304 224 0 0.0000032999999999999997 3.6427246138376264
w 304 288 304 224 0
w 240 288 304 288 0
w 224 240 240 240 0
w 240 240 240 160 0
w 240 160 304 160 0
w 224 256 240 256 0
178 400 208 464 208 0 1 0.2 0.03889026464993282 0.05 1000000 0.02 20
w 336 288 368 288 0
w 384 288 384 256 0
w 384 240 400 240 0
w 368 224 368 160 0
w 368 160 304 160 0
w 384 256 400 256 0
w 384 240 384 224 0
w 384 224 368 224 0
w 400 208 400 320 0
w 400 320 224 320 0
w 224 320 224 208 0
w 304 288 304 304 0
w 304 304 464 304 0
w 336 288 336 336 0
w 336 336 144 336 0
w 144 336 144 192 0
w 304 128 304 160 0
w 160 192 144 192 0
g 160 224 160 240 0
w 240 256 240 288 0
O 464 304 464 352 0
r 464 224 464 304 0 100
d 368 288 368 256 1 0.805904783
w 368 288 384 288 0
z 368 224 368 256 1 0.805904783 12
g 400 320 400 352 0
R 304 128 304 96 0 0 40 5 0 0 0.5
w 464 192 480 192 0
g 480 192 480 208 0
o 29 8 0 4354 17.498005798264096 9.765625e-105 0 1
