$ 1 0.000005 6.450009306485578 50 5 50
a 96 288 160 288 0 15 -15 1000000 0 0
a 224 304 288 304 0 15 -15 1000000 0 0
d 96 240 160 240 1 0.805904783
d 160 240 160 192 1 0.805904783
w 160 240 160 288 0
w 96 272 96 240 0
w 96 240 96 192 0
r 96 192 160 192 0 100000
r 32 192 96 192 0 100000
r 176 288 224 288 0 50000
w 160 192 176 192 0
w 176 192 176 288 0
a 272 160 336 160 0 15 -15 1000000 0 0
c 272 112 336 112 0 3e-11 0.001
w 336 112 336 160 0
w 272 112 272 144 0
r 272 144 224 144 0 1000
r 224 144 176 144 0 50000
w 176 144 176 192 0
g 224 320 224 352 0
g 96 304 96 336 0
g 272 240 272 256 0
r 272 240 272 208 0 1000
w 272 176 272 208 0
r 272 208 336 208 0 100000
174 352 192 336 224 0 10000 0.5 trimmer 1
R 352 192 320 176 0 0 40 1.2 0 0 0.5
R 352 224 320 240 0 0 40 -1.2 0 0 0.5
r 32 160 96 160 0 100000
r 32 96 96 96 0 100000
w 96 160 224 160 0
w 224 160 224 256 0
w 96 96 224 96 0
w 224 96 224 144 0
w 32 96 32 160 0
w 32 160 32 192 0
c 320 304 320 272 0 1.5e-11 0.001
w 288 304 320 304 0
w 224 256 224 288 0
w 224 256 256 256 0
w 256 256 256 272 0
w 256 272 288 272 0
d 288 304 288 272 1 0.805904783
w 288 272 320 272 0
t 368 240 368 272 1 1 0 0 100
r 384 272 384 304 0 2000
w 352 272 320 272 0
w 320 304 384 304 0
w 336 160 368 160 0
w 368 160 368 240 0
t 384 128 384 96 1 1 0 0 100
t 448 128 448 96 0 1 0 0 100
w 352 96 224 96 0
w 384 128 352 128 0
w 352 128 352 96 0
w 352 96 368 96 0
d 384 128 384 160 1 0.805904783
w 368 160 384 160 0
w 448 128 448 160 0
w 448 160 384 160 0
w 400 96 416 96 0
w 416 96 432 96 0
r 416 96 416 144 0 2000
c 512 144 512 96 0 1.5e-11 0.001
d 480 144 480 96 1 0.805904783
w 512 96 480 96 0
w 480 96 464 96 0
w 416 144 480 144 0
w 480 144 512 144 0
a 480 352 544 352 0 15 -15 1000000 0 0
a 576 176 512 176 0 15 -15 1000000 0 0
w 512 144 512 176 0
w 512 96 576 96 0
w 576 96 576 160 0
t 432 304 432 272 0 1 0 0 100
w 416 272 384 272 0
w 448 272 480 272 0
r 480 272 544 272 0 100000
c 480 304 544 304 0 0.000001 0.001
w 480 336 480 304 0
w 480 304 480 272 0
w 544 272 544 304 0
w 544 304 544 352 0
g 432 304 432 320 0
g 480 368 480 400 0
g 576 192 576 224 0
r 544 304 608 304 0 100000
w 576 160 608 160 0
w 608 160 608 304 0
O 544 352 592 352 0
R 32 96 32 48 0 2 40 5 0 0 0.5
o 89 64 0 4614 5 0.00009765625 0 1
