$ 3 5.0E-6 2.898875293967098 66 5.0 50
a 360 304 408 304 2 15.0 -15.0
r 360 272 408 272 0 5000000.0
c 360 240 408 240 0 1.0E-9 3.0635621976420984
w 408 240 408 272 0
w 408 272 408 304 0
w 360 272 360 296 0
w 360 272 360 240 0
g 360 312 360 328 0
c 360 360 408 360 0 1.0E-9 -0.0028565435358697752
r 360 392 408 392 0 100000.0
a 360 424 408 424 2 15.0 -15.0
w 408 360 408 392 0
w 408 392 408 424 0
w 360 416 360 392 0
w 360 392 360 360 0
g 360 432 360 448 0
w 408 240 408 200 0
a 352 120 408 120 2 15.0 -15.0
g 352 128 352 144 0
r 352 88 408 88 0 2000000.0
c 352 56 408 56 0 1.0E-9 0.6880284746244376
w 352 56 352 88 0
w 352 88 352 112 0
w 408 88 408 120 0
w 408 56 408 88 0
r 352 112 304 112 0 100000.0
w 304 112 304 168 0
w 304 168 520 168 0
w 408 200 280 200 0
w 280 200 280 144 0
w 408 56 408 16 0
a 144 304 192 304 2 15.0 -15.0
a 144 424 192 424 2 15.0 -15.0
w 192 416 192 424 0
r 192 416 360 416 0 100000.0
r 192 296 360 296 0 100000.0
w 192 296 192 304 0
w 144 296 144 256 0
r 144 256 192 256 0 10000.0
w 192 256 192 296 0
r 144 296 48 296 0 10000.0
d 96 416 144 416 0
r 96 416 96 360 0 10000.0
r 96 416 96 472 0 68000.0
w 96 360 48 360 0
w 48 360 48 296 0
w 48 296 48 16 0
w 48 16 408 16 0
r 280 56 352 56 0 200000.0
w 280 56 280 144 0
r 280 144 144 144 0 75000.0
w 144 144 144 256 0
g 144 312 144 328 0
g 144 432 144 448 0
r 144 384 192 384 0 150000.0
w 144 384 144 416 0
w 192 384 192 416 0
w 520 168 520 392 0
w 520 392 408 392 0
R 96 472 40 472 0 0 40.0 -15.0 0.0 0.0 0.5
p 408 304 480 304 0
p 408 424 480 424 0
p 408 120 480 120 0
g 480 120 480 136 0
g 480 304 480 320 0
g 480 424 480 440 0
o 60 64 0 226 5.0 3.2 0 61 z vs y
o 62 64 0 226 5.0 6.4 1 60 y vs x
