$ 1 0.000005 10.20027730826997 74 5 81
f 192 80 192 128 97 1.5 0.02
f 192 240 192 192 96 1.5 0.02
w 192 80 256 80 0
w 256 80 256 240 0
I 192 240 256 240 0 0.5 5
L 192 240 192 304 0 0 true 5 0
w 208 160 304 160 0
c 304 160 304 256 0 1e-7 3.6399868427363087
g 304 256 304 304 0
a 352 160 464 160 9 15 -15 1000000 3.639950443231876 3.6399868427363087 100000
w 304 160 304 144 0
w 304 144 352 144 0
w 352 176 352 240 0
w 352 240 464 240 0
w 464 240 464 160 0
O 464 160 512 160 0
R 144 160 96 160 0 1 40 2.5 2.5 0 0.5
w 144 160 176 160 0
x 157 341 221 344 4 20 sample
w 176 128 176 160 0
w 176 160 176 192 0
w 208 128 208 160 0
w 208 160 208 192 0
w 192 176 144 176 0
g 144 176 144 208 0
w 192 144 144 144 0
R 144 144 144 80 0 0 40 5 0 0 0.5
w 192 176 192 192 0
w 192 144 192 128 0
o 16 64 0 4098 6 0.00009765625 0 2 16 3
o 15 64 0 4098 6 0.00009765625 1 1
