$ 1 5.0E-6 16.13 50 5.0 50
r 192 32 192 96 0 500.0
r 192 96 336 96 0 100.0
w 336 96 336 144 0
t 336 144 416 144 0 1 0.5820470981894252 0.631962165475968 100.0
t 128 144 192 144 0 1 -1.8901554514017818 -0.6779682779383932 100.0
w 192 96 192 128 0
w 416 128 416 96 0
w 192 32 416 32 0
r 416 32 416 96 0 500.0
w 192 160 192 192 0
w 192 192 416 192 0
w 416 160 416 192 0
w 336 144 336 208 0
r 336 208 336 272 0 300.0
r 192 192 192 272 0 100.0
w 192 272 336 272 0
R 192 32 128 32 0 0 40.0 5.0 0.0 0.0 0.5
g 192 272 192 320 0
R 64 144 32 144 0 1 2000.0 0.2 0.0 0.0 0.5
p 128 144 128 272 0
w 128 272 192 272 0
v 64 144 128 144 0 1 40.0 2.0 2.0 0.0 0.5
O 416 96 464 96 0
x 201 151 223 155 0 16 Q1
x 425 151 447 155 0 16 Q2
o 19 64 0 38 5.0 9.765625E-5 0 -1 in
o 22 64 0 34 5.0 9.765625E-5 1 -1 out
o 19 64 0 226 5.0 6.4 2 22 out vs in
