$ 1 5.0E-6 3.58 58 5.0 59
d 96 320 96 224 0
d 112 224 112 272 0
w 80 272 112 272 0
r 80 272 32 272 0 100.0
r 16 320 96 320 0 100.0
r 112 272 160 272 0 33.0
r 96 320 176 320 0 33.0
w 160 272 192 272 0
d 176 320 176 224 0
d 192 224 192 272 0
d 256 320 256 224 0
d 272 224 272 272 0
w 272 272 240 272 0
r 176 320 256 320 0 82.0
r 192 272 240 272 0 82.0
r 256 320 336 320 0 47.0
d 336 320 336 224 0
d 352 224 352 272 0
w 352 272 320 272 0
r 272 272 320 272 0 47.0
r 336 320 416 320 0 30.0
r 416 320 496 320 0 39.0
d 416 320 416 224 0
d 496 320 496 224 0
d 432 224 432 272 0
d 512 224 512 272 0
w 400 272 432 272 0
w 480 272 512 272 0
r 352 272 400 272 0 30.0
r 432 272 480 272 0 39.0
R 512 272 560 272 0 0 40.0 2.4 0.0
R 496 320 560 320 0 0 40.0 -2.4 0.0
w 96 224 112 224 0
w 176 224 192 224 0
w 256 224 272 224 0
w 336 224 352 224 0
w 416 224 432 224 0
w 496 224 512 224 0
r 112 224 112 144 0 2000.0
r 192 224 192 144 0 1000.0
r 272 224 272 144 0 470.0
r 352 224 352 144 0 330.0
r 432 224 432 144 0 120.0
w 112 144 192 144 0
w 192 144 272 144 0
w 272 144 352 144 0
w 352 144 432 144 0
w 432 144 512 144 0
r 112 144 64 144 0 200.0
R 64 144 32 144 0 3 80.0 5.0 0.0
O 512 144 560 144 0
w 512 144 512 224 0
w 16 320 16 272 0
w 16 272 32 272 0
o 49 32 0 35 5.0 0.025 0 0
o 50 32 0 34 5.0 9.765625E-5 1 -1
