$ 1 0.000005 10.20027730826997 50 5 50
155 448 208 496 208 0 0
155 560 208 608 208 0 0
w 544 208 560 208 0
155 672 208 720 208 0 0
155 784 208 832 208 0 0
R 368 336 320 336 1 2 100 2.5 2.5 0 0.5
w 368 336 448 336 0
w 448 336 448 240 0
w 560 336 560 240 0
L 416 208 416 416 0 0 false 5 0
w 416 208 448 208 0
x 330 422 382 425 4 24 input
x 681 110 747 113 4 24 output
w 656 208 672 208 0
w 448 336 560 336 0
w 560 336 672 336 0
w 672 336 672 240 0
w 768 208 784 208 0
w 784 240 784 336 0
w 784 336 672 336 0
M 544 208 544 144 0 2.5
M 656 208 656 144 0 2.5
M 768 208 768 144 0 2.5
M 880 208 880 144 0 2.5
