$ 1 5.0E-6 10.20027730826997 54 1.5 50
R 160 176 128 176 0 0 40.0 1.5 0.0 0.0 0.5
r 160 176 240 176 0 80.0
r 240 176 240 288 0 24.0
175 240 176 320 176 0
r 320 176 320 288 0 75.0
l 448 176 448 288 0 0.2 0.0014801805180037042
O 448 176 512 176 0
g 240 288 240 304 0
g 320 288 320 304 0
g 448 288 448 304 0
w 320 176 384 176 0
c 384 176 384 288 0 3.9999999999999996E-5 -0.0973586411333848
w 384 176 448 176 0
g 384 288 384 304 0
o 3 64 0 35 0.625 0.0125 0 -1 diode
o 3 64 0 99 0.625 0.00625 1 -1
o 6 64 0 34 0.3125 4.8828125E-5 2 -1 output
