$ 1 5.0E-12 13.200821376227164 50 5.0 50
w 496 112 544 112 0
w 496 176 544 176 0
170 128 112 96 112 2 1.0E8 5.0E8 5.0 4.0E-7
g 176 176 176 192 0
r 128 112 176 112 0 75.0
g 544 176 544 192 0
p 544 112 544 176 0
170 128 272 96 272 2 1.0E8 5.0E8 5.0 4.0E-7
r 128 272 176 272 0 75.0
w 496 272 544 272 0
w 496 336 544 336 0
w 544 272 544 336 0
171 176 272 496 272 0 5.0E-9 75.0 64 0.0
171 176 112 496 112 0 5.0E-9 75.0 64 0.0
g 176 336 176 352 0
g 544 336 544 352 0
o 4 64 0 34 5.1 0.05 0 -1
o 8 64 0 34 5.1 0.05 1 -1
