$ 1 5.0E-6 5.6 68 15.0 60
t 176 224 208 224 0 1 -15.316178939790538 0.5164877485159067
t 400 224 336 224 0 1 -8.349791529425255 0.516487748515907
w 208 240 208 272 0
w 336 240 336 272 0
r 208 272 272 272 0 1000.0
r 272 272 336 272 0 1000.0
r 272 272 272 352 0 75000.0
r 336 144 336 64 0 75000.0
w 208 64 336 64 0
R 208 64 176 64 0 0 40.0 15.0 0.0
R 272 352 208 352 0 0 40.0 -15.0 0.0
R 176 224 128 224 0 1 40.0 1.0 0.0
R 400 224 432 224 0 1 40.0 1.0 0.0
p 400 224 400 288 0
g 400 288 400 320 0
w 336 144 336 208 0
w 208 64 208 208 0
O 336 144 416 144 0
x 154 206 170 206 0 14 in 1
x 377 207 393 207 0 14 in 2
o 11 32 0 4098 1.25 0.00009765625 0 2 11 3
o 13 32 0 4098 1.25 0.00009765625 0 1
o 17 32 0 12546 8.368592182005797 0.00009765625 1 1 output
