$ 3 0.000005 9.001713130052181 75 5 50
a 104 192 160 192 2 5 -5 1000000 0.5000137308326578 0.5000000000000006
c 104 160 160 160 0 1e-8 1.8730969965551745
w 160 160 160 192 0
w 104 160 104 176 0
r 104 208 104 248 0 49900
w 104 200 104 208 0
g 104 248 104 256 0
w 104 200 80 200 0
r 80 200 24 200 0 49900
w 104 176 88 176 0
w 88 176 88 224 0
w 104 176 104 184 0
r 80 176 24 176 0 100000
w 80 176 88 176 0
w 24 176 0 176 0
w 24 200 0 200 0
w 0 200 0 176 0
r 80 224 24 224 0 49900
w 80 224 88 224 0
w 24 224 0 224 0
w 0 224 0 240 0
f 64 256 0 256 0 1.5 0.02
g 0 272 0 280 0
a 184 200 272 200 2 5 -5 1000000 -1.3730832657225167 -1.6666764514395236
w 160 192 184 192 0
r 184 248 136 248 0 100000
r 184 248 248 248 0 100000
w 184 248 184 208 0
w 248 248 272 248 0
R 136 248 136 272 0 0 40 5 0 0 0.5
r 184 248 184 288 0 100000
w 272 200 272 248 0
w 64 256 64 328 0
w 64 328 272 328 0
w 272 328 272 248 0
172 0 176 -32 176 0 6 1 5 0 0 0.5 frequency
O 272 120 272 88 0
R 184 288 184 312 0 0 40 -5 0 0 0.5
a 184 152 272 152 2 5 -5 1000000 -1.3730695350271667 -1.3730832657225167
w 184 144 184 120 0
w 184 120 272 120 0
w 272 120 272 152 0
w 184 160 160 160 0
o 36 64 0 4098 10 0.00009765625 0 1
