$ 1 0.000015625 0.37936678946831776 60 6 50
a 160 368 272 368 0 15 -15 1000000 0 4.923874524099626
w 160 384 160 448 0
w 160 448 272 448 0
r 272 368 272 448 0 10000
a 384 384 496 384 0 15 -15 1000000 -0.000008932273847585113 0
r 272 448 352 448 0 4000
w 352 448 496 448 0
w 496 448 496 384 0
w 496 384 496 320 0
c 384 320 496 320 0 4e-7 -0.8932363170323588
w 384 320 384 368 0
r 272 368 384 368 0 10000
g 384 400 384 416 0
w 160 352 128 352 0
g 128 352 128 384 0
211 496 384 592 384 0 1 8000 1
o 15 4 0 2082 10 0.000048828125 0 -1 0
