$ 1 4e-12 10.20027730826997 57 5 50
R 560 256 496 256 0 1 800000000 1 -1.5 0 0.5
176 560 256 560 352 1 0.805904783 -0.9415790148957013 4e-12
r 560 352 560 416 0 100
g 560 416 560 448 0
g 688 416 688 448 0
r 688 352 688 416 0 100
176 688 256 688 352 1 0.805904783 -5.380632584292555 4e-12
R 688 256 624 256 0 1 800000000 1 -5 0 0.5
R 816 256 752 256 0 1 800000000 1 -10 0 0.5
176 816 256 816 352 1 0.805904783 -10.039187923569457 4e-12
r 816 352 816 416 0 100
g 816 416 816 448 0
o 1 8 0 12291 2.1600125505455696 0.007871160328888687 0 2 1 3
o 6 8 0 4099 10 0.0125 0 2 6 3
o 9 8 0 4099 20 0.0125 0 2 9 3
