$ 1 5.0E-6 11.251013186076355 50 5.0 50
f 352 416 464 416 6 3.25
f 352 368 464 368 6 3.25
w 464 384 464 400 0
f 304 304 352 304 7 -1.75
f 224 304 272 304 7 -1.75
w 352 320 352 336 0
w 272 320 272 336 0
w 272 336 352 336 0
w 352 336 464 336 0
w 464 336 464 352 0
w 272 272 272 288 0
w 272 272 352 272 0
w 352 272 352 288 0
f 304 240 352 240 6 -1.75
f 304 192 352 192 6 -1.75
w 352 256 352 272 0
w 352 208 352 224 0
R 352 176 352 144 0 0 40.0 2.5 0.0 0.0 0.5
w 304 192 224 192 0
w 224 192 224 304 0
w 304 240 304 304 0
w 304 240 192 240 0
w 192 240 192 368 0
w 192 368 352 368 0
w 160 192 224 192 0
w 160 192 160 416 0
w 160 416 352 416 0
g 464 432 464 448 0
f 368 112 416 112 7 3.25
f 400 64 464 64 7 3.25
w 464 16 464 48 0
w 416 16 416 96 0
w 416 16 464 16 0
w 464 240 464 336 0
w 400 64 160 64 0
w 160 64 160 192 0
w 192 240 192 112 0
w 192 112 368 112 0
R 416 16 368 16 0 0 40.0 5.0 0.0 0.0 0.5
w 416 128 416 144 0
w 416 144 464 144 0
w 464 144 464 80 0
w 464 144 464 240 0
M 464 240 528 240 1 2.5
L 160 192 96 192 1 2 false 5.0 0.0
L 192 240 96 240 1 1 false 5.0 0.0
