$ 1 5.0E-6 10.812258501325767 50 5.0 50
f 336 352 384 352 6 3.25
f 256 272 304 272 6 -1.75
f 256 208 304 208 7 -1.75
w 304 320 384 320 0
w 384 320 384 336 0
w 256 272 256 352 0
w 256 352 336 352 0
w 304 224 304 256 0
R 304 192 304 160 0 0 40.0 2.5 0.0 0.0 0.5
f 256 128 384 128 7 3.25
w 256 128 256 208 0
R 384 112 384 80 0 0 40.0 5.0 0.0 0.0 0.5
g 384 368 384 400 0
w 384 240 384 320 0
w 384 144 384 240 0
M 384 240 448 240 1 2.5
w 256 272 256 240 0
w 256 240 256 208 0
L 256 240 192 240 1 2 false 5.0 0.0
w 304 288 304 320 0
