$ 3 5.0E-6 5 64 7.0
a 288 168 384 168 1 5.0 0.0
a 288 264 384 264 1 5.0 0.0
r 240 56 240 104 0 5000.0
r 240 104 240 152 0 5000.0
w 240 152 240 280 0
r 240 280 240 328 0 5000.0
g 240 328 240 336 0
w 240 152 288 152 0
w 240 104 272 104 0
w 272 104 272 280 0
w 272 280 288 280 0
w 464 176 464 192 0
w 384 184 384 192 0
w 384 192 464 240 0
w 464 240 464 256 0
w 384 240 384 248 0
w 384 240 464 192 0
R 240 56 240 24 0 0 40.0 10.0 0.0
R 88 56 88 24 0 0 40.0 10.0 0.0
r 88 56 88 120 0 10000.0
r 88 120 88 184 0 10000.0
w 88 120 216 120 0
w 216 120 216 352 0
w 88 184 88 248 0
c 88 248 88 352 0 3.0E-7 0
g 88 352 88 368 0
r 384 368 464 368 0 10000.0
w 464 176 496 176 0
w 464 368 496 368 0
153 384 256 464 256 1 2 5.0
153 384 176 464 176 1 2 0.0
w 496 176 496 368 0
O 464 256 544 256 0
w 88 184 288 184 0
w 88 248 288 248 0
t 328 368 296 368 0 1 -7.876671689823544 4.999999997999999E-10
w 216 352 296 352 0
g 296 384 296 400 0
w 328 368 384 368 0
x 120 115 136 115 0 16 discharge
x 129 178 145 178 0 16 trigger
x 120 242 136 242 0 16 threshold
w 272 104 272 56 0
x 284 62 300 62 0 16 control
o 24 16 0 3 10.0 7.8125E-4 0
o 32 32 0 10 5.0 9.765625E-5 1
