$ 1 5.0E-6 16 62 1.0 50
a 176 288 272 288 0 15.0 -15.0
g 176 304 176 336 0
w 272 288 272 240 0
d 272 240 176 240 0
w 272 288 304 288 0
d 304 192 304 288 0
w 176 240 176 272 0
w 176 240 176 192 0
r 176 192 304 192 0 1000.0
r 176 192 176 128 0 1000.0
r 176 128 304 128 0 1000.0
r 304 128 304 192 0 500.0
a 352 144 448 144 0 15.0 -15.0
w 304 128 352 128 0
w 352 128 352 96 0
r 352 96 448 96 0 1000.0
w 448 96 448 144 0
g 352 160 352 192 0
O 448 144 496 144 0
R 176 128 128 128 0 1 40.0 1.0 0.0
o 19 64 0 2 5.0 0.1
o 18 64 0 2 5.0 9.765625E-5
