$ 1 5.0E-6 10 54 5.0 50
v 224 144 224 80 0 1 15.0 5.0 0.0
r 224 80 384 80 0 200.0
c 384 80 384 144 0 2.9999999999999997E-5 0.4703928719421789
w 224 144 384 144 0
v 224 240 224 176 0 1 40.0 5.0 0.0
r 224 176 384 176 0 200.0
w 224 240 384 240 0
c 384 176 384 240 0 2.9999999999999997E-5 2.2457974270921146
v 224 336 224 272 0 1 80.0 5.0 0.0
w 224 336 384 336 0
c 384 272 384 336 0 2.9999999999999997E-5 -1.4536204423595571
r 224 272 384 272 0 200.0
o 2 64 0 17 2.5 0.05 0
o 7 64 0 17 2.5 0.05 1
o 10 64 0 17 2.5 0.05 2
