$ 1 5.0E-6 10 50 5.0
151 256 272 368 272 0 2 5
151 256 144 368 144 0 2 0
w 368 144 368 176 0
w 368 176 256 240 0
w 368 272 368 240 0
w 368 240 256 176 0
w 256 176 256 160 0
w 256 240 256 256 0
M 368 144 448 144 0
M 368 272 448 272 0
151 128 128 256 128 0 2 5
151 128 288 256 288 0 2 0
w 128 304 96 304 0
w 96 304 96 144 0
w 96 144 128 144 0
L 128 112 64 112 0 true true
L 128 272 64 272 0 true true
R 96 304 96 352 1 2 100.0 2.5 2.5
o 15 64 0 6 5.0 9.765625E-5 0 set
o 16 64 0 6 5.0 9.765625E-5 0 reset
o 8 64 0 6 5.0 9.765625E-5 0 Q
o 17 64 0 6 5.0 9.765625E-5 0 clk
