$ 0 5.0E-6 10 50 5.0
f 160 80 208 80 5
f 160 176 208 176 4
w 208 96 208 128 0
w 208 128 208 160 0
f 160 240 208 240 4
w 208 192 208 224 0
g 208 256 208 288 0
w 160 80 160 176 0
f 80 80 128 80 5
w 128 32 128 64 0
w 128 32 208 32 0
w 208 32 208 64 0
R 128 32 80 32 0 0 40.0 5.0 0.0
w 80 80 80 240 0
w 80 240 160 240 0
L 160 176 32 176 0 false true
w 128 96 128 128 0
w 128 128 208 128 0
w 288 240 288 176 0
w 288 176 288 80 0
f 288 80 336 80 5
f 368 80 416 80 5
w 336 96 336 128 0
w 336 128 416 128 0
w 416 96 416 128 0
w 336 64 336 32 0
w 416 64 416 32 0
w 416 32 336 32 0
w 208 32 336 32 0
w 368 80 368 176 0
f 368 176 416 176 4
f 368 240 416 240 4
w 416 192 416 224 0
w 416 128 416 160 0
w 368 240 288 240 0
g 416 256 416 288 0
L 288 240 288 288 0 false true
w 416 128 464 128 0
w 464 128 464 336 0
w 464 336 80 336 0
w 80 336 80 240 0
w 368 176 240 176 0
w 208 128 240 128 0
w 240 128 240 176 0
M 240 176 240 368 0
M 464 336 464 368 0
x 281 328 297 328 0 24 R
x 26 151 42 151 0 24 S
x 202 378 218 378 0 24 Q
x 422 380 438 380 2 24 Q
