$ 1 1.0E-12 10 50 5.0 38
f 224 144 288 144 1
f 224 272 288 272 0
w 288 160 288 208 0
M 288 208 352 208 0
w 288 128 288 96 0
c 224 96 288 96 0 1.0000000000000001E-11 -5.000000000000001
c 288 208 224 208 0 1.0000000000000001E-11 4.999999285714189
w 224 144 224 208 0
w 224 208 224 272 0
w 288 208 288 256 0
c 288 320 224 320 0 1.0000000000000001E-11 1.6279405589908862E-23
w 288 288 288 320 0
R 288 96 288 48 0 0 40.0 5.0 0.0
L 224 208 160 208 0 true false
g 288 320 288 368 0
r 224 96 224 144 0 5.0
r 224 272 224 320 0 5.0
