$ 0 5.0E-6 9 50 5.0 50
159 144 112 208 112 0
w 208 112 208 192 0
159 208 192 272 192 0
I 208 112 272 112 0 2.0E-4
I 272 112 272 192 0 2.0E-4
159 272 112 336 112 0
159 336 192 400 192 0
w 336 112 336 192 0
I 336 112 400 112 0 2.0E-4
I 400 112 400 192 0 2.0E-4
I 400 112 464 112 0 0.5
I 400 192 464 192 0 0.5
w 176 128 176 336 0
w 240 208 240 240 0
w 368 240 368 208 0
I 240 336 240 240 0 0.5
w 176 336 240 336 0
w 240 336 368 336 0
w 240 240 304 240 0
w 304 240 304 128 0
w 368 240 368 336 0
R 176 336 80 336 1 2 100.0 2.5 2.5
L 144 112 80 112 0 true false 5.0 0.0
M 464 112 512 112 0 2.5
M 464 192 512 192 0 2.5
x 71 80 87 80 0 24 D
x 543 122 559 122 2 24 Q
x 542 202 558 202 0 24 Q
