$ 3 5.0E-6 23 50 5.0
156 88 272 104 272 1 0
156 152 272 168 272 1 0
w 152 272 144 272 0
w 144 272 144 304 0
w 144 304 152 304 0
w 136 272 136 288 0
w 136 288 152 288 0
156 216 272 232 272 1 0.0
156 280 272 296 272 1 0.0
156 344 272 352 272 1 0.0
156 408 272 424 272 1 0.0
156 472 272 488 272 1 0.0
w 200 272 200 288 0
w 200 288 216 288 0
w 264 272 264 288 0
w 264 288 280 288 0
w 328 272 328 288 0
w 328 288 344 288 0
w 392 272 392 288 0
w 392 288 408 288 0
w 456 272 456 288 0
w 456 288 472 288 0
w 216 272 208 272 0
w 208 272 208 304 0
w 208 304 216 304 0
w 280 272 272 272 0
w 272 272 272 304 0
w 272 304 280 304 0
w 344 272 336 272 0
w 336 272 336 304 0
w 336 304 344 304 0
w 408 272 400 272 0
w 400 272 400 304 0
w 400 304 408 304 0
w 472 272 464 272 0
w 464 272 464 304 0
w 464 304 472 304 0
w 144 304 144 336 0
w 208 304 208 336 0
w 144 336 208 336 0
w 208 336 272 336 0
w 272 304 272 336 0
w 272 336 336 336 0
w 336 336 400 336 0
w 400 336 464 336 0
w 464 336 464 304 0
w 400 304 400 336 0
w 336 304 336 336 0
R 88 288 32 288 1 2 1000.0 2.5 2.5
w 88 272 80 272 0
w 80 272 80 304 0
w 80 304 88 304 0
w 80 304 80 336 0
w 80 336 144 336 0
R 80 336 32 336 0 0 40.0 5.0 0.0
w 136 272 136 224 0
w 200 272 200 200 0
w 264 272 264 176 0
w 328 272 328 152 0
w 392 272 392 128 0
w 456 272 456 104 0
w 520 272 520 80 0
M 136 224 80 224 2
M 200 200 80 200 2
M 264 176 80 176 2
M 328 152 80 152 2
M 392 128 80 128 2
M 456 104 80 104 2
M 520 80 80 80 2
w 464 336 528 336 0
w 528 336 528 304 0
w 520 272 520 288 0
w 520 288 536 288 0
156 536 272 552 272 1 0.0
w 528 272 528 304 0
w 528 272 536 272 0
w 584 272 584 56 0
w 528 304 536 304 0
M 584 56 80 56 2
o 78 64 0 6 5.0 9.765625E-5 0
o 68 64 0 6 7.62939453125E-5 9.765625E-5 0
o 67 64 0 6 5.0 9.765625E-5 0
o 66 64 0 6 5.0 9.765625E-5 0
o 65 64 0 6 5.0 9.765625E-5 0
o 64 64 0 6 5.0 9.765625E-5 0
o 63 64 0 6 5.0 9.765625E-5 0
o 62 64 0 6 5.0 9.765625E-5 0
