$ 0 5.0E-6 10.812258501325767 50 5.0 50
170 208 48 160 48 3 100.0 20000.0 5.0 0.25
l 208 48 304 48 0 0.00212 -0.08881265679389214
c 304 48 304 112 0 5.9999999999999995E-5 -0.2894173322846854
l 304 48 400 48 0 7.0E-4 -0.0064227679597185445
r 400 48 400 112 0 5.6
g 304 112 304 128 0
g 400 112 400 128 0
w 208 48 208 176 0
c 208 176 272 176 0 2.1E-5 -0.8398710078174956
c 272 176 336 176 0 6.3E-5 0.090455613711665
l 336 176 400 176 0 2.4E-4 0.6844180361930992
l 400 176 464 176 0 8.0E-5 0.6610256500586136
l 272 176 272 256 0 0.00151 0.030771262133821843
c 400 176 400 256 0 3.3199999999999996E-6 5.438742670954392
r 464 176 464 256 0 8.0
g 272 256 272 272 0
g 400 256 400 272 0
g 464 256 464 272 0
w 208 176 208 320 0
c 208 320 304 320 0 2.37E-6 4.767372700629853
c 304 320 400 320 0 7.099999999999999E-6 -0.16235412775659708
l 304 320 304 400 0 1.5E-4 0.09052584171628873
g 304 400 304 416 0
r 400 320 400 400 0 5.6
g 400 400 400 416 0
o 4 8 0 50 5.1 1.6 0 -1 low
o 14 4 0 50 10.0 0.8 1 -1 mid
o 23 4 0 50 5.1 0.8 2 -1 high
