$ 1 5.0E-6 10 50 5.0
w 112 32 208 32 0
w 208 32 304 32 0
w 304 32 400 32 0
s 208 32 208 112 0 false false
s 304 32 304 112 0 true false
r 208 112 208 176 0 100.0
r 304 112 304 176 0 400.0
r 400 112 400 176 0 4000.0
w 208 176 304 176 0
w 304 176 400 176 0
w 304 208 304 176 0
w 304 208 400 208 0
w 304 208 208 208 0
s 304 208 304 288 0 false false
r 208 288 208 352 0 600.0
r 304 288 304 352 0 200.0
s 400 208 400 352 0 false false
w 112 352 208 352 0
w 208 352 304 352 0
w 304 352 400 352 0
i 112 352 112 32 0
g 112 352 112 384 0
w 400 32 400 112 0
w 208 208 208 288 0
o 20 32 0 3 5.0 0.05
