$ 1 5.0E-6 1.5 50 5.0
150 416 128 512 128 0 2 0.0
150 416 192 512 192 0 2 0.0
150 416 256 512 256 0 2 0.0
150 416 320 512 320 0 2 5.0
w 416 112 352 112 0
w 352 112 352 176 0
w 352 176 416 176 0
w 416 240 352 240 0
w 352 240 352 304 0
w 352 304 416 304 0
w 416 144 384 144 0
w 384 144 384 272 0
w 384 272 416 272 0
w 416 208 320 208 0
w 320 208 320 336 0
w 320 336 416 336 0
w 144 112 352 112 0
w 352 240 144 240 0
I 144 112 144 240 0
L 144 112 64 112 2 true false 5.0 0.0
w 384 272 144 272 0
w 320 336 144 336 0
L 144 272 64 272 2 true false 5.0 0.0
I 144 272 144 336 0
M 512 128 560 128 0 2.5
M 512 192 560 192 0 2.5
M 512 256 560 256 0 2.5
M 512 320 560 320 0 2.5
