$ 3 5.0E-6 1.5 50 5.0
L 64 88 64 56 2 true false 5.0 0.0
w 64 88 88 88 0
I 88 88 88 144 0
L 112 88 112 56 2 true false 5.0 0.0
L 200 88 200 56 2 true false 5.0 0.0
L 248 88 248 56 2 true false 5.0 0.0
w 112 88 136 88 0
I 136 88 136 144 0
154 304 176 360 176 1 2 0.0
w 64 88 64 168 0
w 64 168 304 168 0
w 200 88 200 184 0
w 200 184 304 184 0
154 304 216 360 216 1 2 0.0
w 112 88 112 208 0
w 112 208 304 208 0
w 248 88 248 224 0
w 248 224 304 224 0
151 304 256 360 256 1 2 5.0
w 200 184 200 264 0
w 200 264 304 264 0
w 360 216 360 192 0
w 416 280 304 280 0
151 328 312 400 312 1 3 5.0
w 88 304 328 304 0
w 136 312 328 312 0
w 304 280 304 320 0
w 304 320 328 320 0
151 328 352 400 352 1 3 5.0
w 304 320 304 360 0
w 304 360 328 360 0
w 416 184 416 280 0
151 432 312 504 312 1 3 0.0
w 360 256 432 256 0
w 432 256 432 304 0
w 400 312 432 312 0
w 400 352 432 352 0
w 432 352 432 320 0
152 360 184 416 184 1 2 0.0
w 200 344 328 344 0
w 200 264 200 344 0
w 248 224 248 352 0
w 248 352 328 352 0
I 416 184 512 184 0
M 504 312 600 312 0 2.5
M 512 184 600 184 0 2.5
x 81 37 97 37 0 24 A
x 219 38 235 38 0 24 B
x 545 169 561 169 0 16 A=B
w 512 184 512 392 0
w 504 312 504 408 0
153 512 400 576 400 1 2 0.0
w 504 408 512 408 0
M 576 400 600 400 0 2.5
x 546 298 562 298 0 16 A<B
x 546 374 562 374 0 16 A>B
w 88 144 88 248 0
w 88 248 88 304 0
w 88 248 304 248 0
w 136 144 136 312 0
