$ 3 5.0E-6 10 69 5.0
155 80 224 88 224 1 5.0
155 144 224 152 224 1 5.0
155 208 224 216 224 1 0.0
155 272 224 280 224 1 0.0
155 336 224 344 224 1 0.0
155 400 224 416 224 1 0.0
155 464 224 480 224 1 0.0
155 528 224 544 224 1 0.0
w 128 224 144 224 0
w 192 224 208 224 0
w 256 224 272 224 0
w 320 224 336 224 0
w 384 224 400 224 0
w 448 224 464 224 0
w 512 224 528 224 0
w 576 256 576 280 0
w 576 280 64 280 0
w 64 280 64 224 0
w 64 224 80 224 0
w 80 240 72 240 0
w 72 240 72 304 0
w 144 240 136 240 0
w 136 240 136 304 0
w 208 240 200 240 0
w 200 240 200 304 0
w 272 240 264 240 0
w 264 240 264 304 0
w 336 240 328 240 0
w 328 240 328 304 0
w 400 240 392 240 0
w 392 240 392 304 0
w 464 240 456 240 0
w 456 240 456 304 0
w 528 240 520 240 0
w 520 240 520 304 0
w 520 304 456 304 0
w 456 304 392 304 0
w 392 304 328 304 0
w 328 304 264 304 0
w 264 304 200 304 0
w 200 304 136 304 0
w 136 304 72 304 0
R 72 304 32 304 1 2 800.0 2.5 2.5
r 128 224 128 96 0 57600.0
r 192 224 192 96 0 30900.0
r 256 224 256 96 0 23700.0
r 320 224 320 96 0 22100.0
r 384 224 384 96 0 23700.0
r 448 224 448 96 0 30900.0
r 512 224 512 96 0 57600.0
w 128 96 192 96 0
w 192 96 256 96 0
w 256 96 320 96 0
w 320 96 384 96 0
w 384 96 448 96 0
w 448 96 512 96 0
w 512 96 552 96 0
c 552 96 552 176 0 3.0E-7 0.33745879726352607
O 552 96 600 96 0
g 552 176 552 184 0
o 58 64 0 2 5.0 9.765625E-5 0
