$ 1 5.0E-6 10 54 5.0
t 160 240 208 240 0 1 0.5852076661116881 0.6224167269731172
r 128 160 128 80 0 4700.0
R 128 80 64 80 0 0 40.0 5.0 0.0
w 128 80 208 80 0
t 320 240 368 240 0 1 0.5852076661116883 0.6224167269731175
r 288 80 288 160 0 4700.0
w 208 80 288 80 0
w 288 80 368 80 0
r 368 80 368 160 0 1000.0
w 368 160 416 160 0
M 416 160 480 160 0
r 208 80 208 160 0 1000.0
w 208 160 208 192 0
w 368 160 368 224 0
w 208 192 416 192 0
w 416 192 416 160 0
w 208 192 208 224 0
d 128 240 160 240 0
d 128 240 96 240 0
d 288 240 320 240 0
d 288 240 256 240 0
w 128 160 128 240 0
w 288 160 288 240 0
L 256 240 256 288 0 false false
g 208 256 208 320 0
g 368 256 368 320 0
L 96 240 96 288 0 false false
