$ 1 5.0E-6 10.391409633455755 65 5.0 50
r 160 176 240 176 0 10000.0
r 240 176 320 176 0 10000.0
r 480 192 480 256 0 5860.0
r 480 256 480 320 0 10000.0
g 480 320 480 336 0
w 240 128 240 176 0
c 320 176 320 256 0 1.59E-7 0.00526783980718932
g 320 256 320 272 0
w 320 176 368 176 0
a 368 192 480 192 1 15.0 -15.0
w 368 208 368 256 0
w 368 256 480 256 0
w 480 192 496 192 0
w 496 192 496 128 0
c 496 128 240 128 0 1.59E-7 3.118399353779175
O 496 192 560 192 0
p 160 176 160 256 0
g 160 256 160 272 0
170 160 176 128 176 3 20.0 800.0 5.0 0.2
o 16 64 0 34 10.0 9.765625E-5 0 -1
o 15 64 0 34 10.0 4.8828125E-5 1 -1
