$ 3 5.0E-6 6.75 58 7.0
a 104 64 176 64 2 5.0 0.0
a 104 112 176 112 2 5.0 0.0
a 104 160 176 160 2 5.0 0.0
a 104 208 176 208 2 5.0 0.0
a 104 256 176 256 2 5.0 0.0
a 104 304 176 304 2 5.0 0.0
a 104 352 176 352 2 5.0 0.0
r 72 8 72 56 0 500.0
r 72 56 72 104 0 1000.0
r 72 104 72 152 0 1000.0
r 72 152 72 200 0 1000.0
r 72 200 72 248 0 1000.0
r 72 248 72 296 0 1000.0
r 72 296 72 344 0 1000.0
r 72 344 72 392 0 500.0
R 72 8 32 8 0 0 40.0 7.0 0.0
w 72 56 104 56 0
w 72 104 104 104 0
w 72 152 104 152 0
w 72 200 104 200 0
w 72 248 104 248 0
w 72 296 104 296 0
w 72 344 104 344 0
w 104 72 104 120 0
w 104 120 104 168 0
w 104 168 104 216 0
w 104 216 104 264 0
w 104 264 104 312 0
w 104 312 104 360 0
w 104 72 104 24 0
R 104 24 184 24 0 4 50.0 3.5 3.5
g 72 392 72 400 0
154 288 368 352 368 1 7 5.0
w 176 352 176 392 0
w 176 392 288 392 0
w 176 304 184 304 0
w 184 304 184 384 0
w 184 384 288 384 0
w 176 256 192 256 0
w 192 256 192 376 0
w 192 376 288 376 0
w 176 208 200 208 0
w 200 208 200 368 0
w 200 368 288 368 0
w 176 160 208 160 0
w 208 160 208 360 0
w 208 360 288 360 0
w 176 112 216 112 0
w 216 112 216 352 0
w 216 352 288 352 0
w 176 64 224 64 0
w 224 64 224 344 0
w 224 344 288 344 0
154 280 296 352 296 1 3 5.0
w 184 304 280 304 0
w 280 296 248 296 0
w 280 288 256 288 0
w 248 296 248 208 0
w 248 208 200 208 0
w 256 288 256 112 0
w 256 112 216 112 0
w 248 208 352 208 0
w 352 368 352 328 0
w 352 208 352 264 0
M 352 328 472 328 0
M 352 296 472 296 0
M 352 264 472 264 0
o 30 32 0 2 10.0 9.765625E-5 0
o 66 32 0 22 6.0 2.44140625E-5 1
o 65 32 0 22 6.0 9.765625E-5 1
o 64 32 0 22 6.0 9.765625E-5 1
