$ 1 5.0E-6 6.75 61 5.0
158 416 192 448 192 0
c 512 192 512 224 0 1.0E-7 0
r 512 256 576 256 0 3000.0
r 512 288 576 288 0 100000.0
w 576 256 576 288 0
g 576 288 576 320 0
R 128 144 64 144 0 2 300.0 2.5 2.5
g 304 224 304 256 0
w 416 160 416 192 0
a 336 96 416 96 1 15.0 -15.0
w 304 80 336 80 0
w 336 112 336 160 0
w 336 160 416 160 0
w 416 160 416 96 0
161 128 144 176 144 0
r 224 144 304 144 0 2000.0
w 304 80 304 144 0
c 304 144 304 176 0 9.999999999999999E-6 0
155 128 240 144 240 0 5.0
w 224 240 224 208 0
w 224 208 128 208 0
w 128 208 128 176 0
w 224 304 224 336 0
w 224 336 96 336 0
w 96 336 96 240 0
w 96 240 128 240 0
w 128 272 64 272 0
w 64 272 64 352 0
w 64 352 416 352 0
w 416 352 416 288 0
O 416 352 480 352 0
r 304 176 304 224 0 1000.0
o 6 8 0 14 5.0 4.8828125E-5 0
o 30 8 0 14 5.0 9.765625E-5 0
