$ 17 5.0E-6 2 46 5.0 42
R 272 64 272 16 0
g 272 352 272 384 0
r 176 64 176 112 0 5
r 176 112 176 160 0 5
r 176 160 176 208 0 5
r 176 208 176 256 0 5
r 176 256 176 304 0 5
r 176 304 176 352 0 5
r 224 64 224 112 0 5
r 224 112 224 160 0 5
r 224 160 224 208 0 5
r 224 208 224 256 0 5
r 224 256 224 304 0 5
r 224 304 224 352 0 5
r 272 64 272 112 0 5
r 272 112 272 160 0 5
r 272 160 272 208 0 5
r 272 208 272 256 0 5
r 272 256 272 304 0 5
r 272 304 272 352 0 5
r 320 64 320 112 0 5
r 320 112 320 160 0 5
r 320 160 320 208 0 5
r 320 208 320 256 0 5
r 320 256 320 304 0 5
r 320 304 320 352 0 5
r 368 64 368 112 0 5
r 368 112 368 160 0 5
r 368 160 368 208 0 5
r 368 208 368 256 0 5
r 368 256 368 304 0 5
r 368 304 368 352 0 5
r 176 64 224 64 0 5
r 176 112 224 112 0 5
r 176 160 224 160 0 5
r 176 208 224 208 0 5
r 176 256 224 256 0 5
r 176 304 224 304 0 5
r 176 352 224 352 0 5
r 224 64 272 64 0 5
r 224 112 272 112 0 5
r 224 160 272 160 0 5
r 224 208 272 208 0 5
r 224 256 272 256 0 5
r 224 304 272 304 0 5
r 224 352 272 352 0 5
r 272 64 320 64 0 5
r 272 112 320 112 0 5
r 272 160 320 160 0 5
r 272 208 320 208 0 5
r 272 256 320 256 0 5
r 272 304 320 304 0 5
r 272 352 320 352 0 5
r 320 64 368 64 0 5
r 320 112 368 112 0 5
r 320 160 368 160 0 5
r 320 208 368 208 0 5
r 320 256 368 256 0 5
r 320 304 368 304 0 5
r 320 352 368 352 0 5
