$ 17 5.0E-6 2.183 50 5.0 50
163 160 272 208 272 0 10 0.0 0.0 0.0 0.0 0.0 0.0 0.0 0.0 5.0 0.0
L 480 336 480 368 0 false false 5.0 0.0
R 160 304 112 304 1 2 1000.0 2.5 2.5
w 192 240 192 112 0
162 192 112 192 64 0 1.0 0.0 0.0
r 192 64 112 64 0 250.0
g 112 64 112 112 0
162 224 112 224 64 0 1.0 0.0 0.0
162 256 112 256 64 0 1.0 0.0 0.0
162 288 112 288 64 0 1.0 0.0 0.0
162 320 112 320 64 0 1.0 0.0 0.0
w 192 64 224 64 0
w 224 64 256 64 0
w 256 64 288 64 0
w 288 64 320 64 0
w 352 240 352 112 0
d 224 240 224 208 0
d 256 240 256 208 0
d 288 240 288 208 0
d 320 240 320 208 0
162 352 112 352 64 0 1.0 0.0 0.0
w 352 64 320 64 0
d 384 240 384 208 0
d 416 240 416 208 0
d 448 240 448 208 0
d 480 240 480 208 0
w 384 192 384 208 0
w 416 176 416 208 0
w 448 160 448 208 0
w 320 208 320 192 0
w 320 192 384 192 0
w 416 176 288 176 0
w 288 176 288 208 0
w 448 160 256 160 0
w 256 160 256 208 0
w 224 208 224 144 0
w 224 144 480 144 0
w 480 144 480 208 0
w 224 112 224 144 0
w 256 112 256 160 0
w 288 112 288 176 0
w 320 112 320 192 0
