$ 1 5.0E-6 12.185319768402522 54 5.0 50
a 208 240 304 240 0 15.0 -15.0
d 304 112 208 112 0
w 208 144 208 112 0
c 208 80 304 80 0 1.0E-6 0.6555203584434989
w 304 80 304 112 0
w 208 80 208 112 0
w 208 144 208 224 0
r 208 224 128 224 0 1000.0
R 128 224 96 224 0 1 40.0 3.0 3.0 0.0 0.5
g 208 256 208 272 0
t 320 272 320 240 0 1 0.0 0.6332109005736126
w 336 240 352 240 0
w 352 240 352 272 0
w 352 272 320 272 0
w 352 240 384 240 0
i 384 176 384 240 0 0.01
R 384 176 384 144 0 0 40.0 10.0 0.0 0.0 0.5
a 384 256 480 256 1 15.0 -15.0
r 384 320 480 320 0 15000.0
r 384 320 384 384 0 1000.0
w 384 272 384 320 0
w 480 256 480 320 0
g 384 384 384 400 0
O 480 256 528 256 0
p 128 224 128 288 0
g 128 288 128 304 0
t 256 176 256 144 1 1 -6.5551380330546585E-6 0.6555138033054658
w 208 144 240 144 0
w 272 144 304 144 0
w 304 112 304 144 0
w 304 144 304 240 0
g 256 176 256 192 0
o 8 64 0 34 10.0 0.05 0 -1 in
o 23 64 0 34 2.5 2.44140625E-5 1 -1 out
o 24 64 0 226 10.0 1.6 2 23 out vs in
