$ 1 5.0E-6 9.001713130052181 39 120.0 42
v 64 208 64 80 0 1 60.0 120.0 0.0 0.0 0.5
w 240 160 240 208 1
T 160 128 240 128 0 0.5 1000.0 -1.0023486497286795 6.35743697744416E-4
w 160 128 160 80 2
w 160 160 160 208 1
r 160 80 64 80 0 10.0
w 64 208 160 208 0
w 240 128 240 80 2
r 240 80 432 80 0 500.0
r 240 208 432 208 0 500.0
w 432 80 432 128 0
w 432 208 432 160 0
T 432 128 496 128 0 1000000.0 0.0010 -6.357436977444156E-4 0.45338545557553267
w 496 128 496 80 2
w 496 80 560 80 0
w 496 160 496 208 1
w 496 208 560 208 0
r 560 80 560 208 0 200.0
v 64 384 64 256 0 1 60.0 120.0 0.0 0.0 0.5
r 64 256 160 256 0 10.0
r 160 256 512 256 0 500.0
r 160 384 512 384 0 500.0
w 64 384 160 384 0
w 512 256 560 256 0
w 512 384 560 384 0
r 560 256 560 384 0 200.0
g 432 208 432 224 0
g 560 208 560 224 0
o 17 64 1 35 80.0 9.765625E-5 0 -1
o 25 64 1 35 5.0 9.765625E-5 1 -1
