$ 1 5.0E-6 42.05934401203833 60 5.0 53
r 208 176 208 272 0 4000.0
R 160 160 112 160 0 1 40.0 0.05 0.0 0.0 0.5
R 208 32 160 32 0 0 40.0 10.0 0.0 0.0 0.5
r 208 32 208 144 0 4000.0
c 208 144 320 144 0 1.0E-6 1.938598649739942
r 320 144 320 272 0 50000.0
g 320 272 320 304 0
O 320 144 384 144 0
w 208 176 256 176 0
c 256 176 256 272 0 9.999999999999999E-5 8.054803335508433
w 208 272 256 272 0
f 160 160 208 160 0 1.5
R 208 272 208 304 0 0 40.0 -10.0 0.0 0.0 0.5
o 1 128 0 34 0.078125 4.8828125E-5 0 -1
o 7 128 0 34 2.5 3.0517578125E-6 1 -1
