$ 1 5.0E-6 11.251013186076355 50 5.0 50
f 320 288 240 288 0 1.5
f 320 288 400 288 0 1.5
w 320 288 320 240 0
w 320 240 240 240 0
w 240 240 240 272 0
w 240 304 240 352 1
w 240 352 320 352 0
w 400 304 400 352 1
w 400 352 320 352 0
g 320 352 320 384 0
R 240 112 240 80 0 0 40.0 5.0 0.0 0.0 0.5
R 400 112 400 80 0 0 40.0 5.0 0.0 0.0 0.5
w 400 272 400 240 0
r 400 112 400 240 0 100.0
w 400 112 448 112 0
w 400 240 448 240 0
s 448 112 448 240 0 1 false
w 240 240 192 240 0
w 240 112 192 112 0
r 240 112 240 240 0 500.0
r 192 112 192 176 0 100.0
s 192 176 192 240 0 1 false
