$ 1 5.0E-6 10.391409633455755 50 5.0 50
r 144 32 144 128 0 100.0
r 384 32 384 128 0 100.0
w 384 128 384 192 0
t 304 208 384 208 0 1 0.617227886429507 0.6759235619928714 100.0
w 224 128 304 208 0
w 304 128 224 208 0
t 224 208 144 208 0 1 -4.584864481423058 0.029057265154527386 100.0
w 144 128 144 192 0
r 304 128 384 128 0 1020.0
r 144 128 224 128 0 1020.0
M 384 128 448 128 0 2.5
w 144 32 384 32 0
M 144 128 80 128 0 2.5
R 144 32 80 32 0 0 40.0 5.0 0.0 0.0 0.5
r 224 208 224 304 0 1000.0
r 304 208 304 304 0 1000.0
L 224 304 80 304 0 0 true 5.0 0.0
L 304 304 448 304 0 0 true 5.0 0.0
x 54 105 106 109 2 16 output
x 422 100 474 104 0 16 output
x 70 278 93 282 0 16 set
x 429 277 468 281 0 16 reset
g 144 224 144 256 0
g 384 224 384 256 0
x 106 212 128 216 0 16 Q1
x 400 213 422 217 0 16 Q2
