$ 1 5.0E-6 19.765835257097933 58 5.0 50
f 256 112 256 64 0 1.5
f 256 288 256 224 0 1.5
f 256 176 256 224 1 1.5
f 256 16 256 64 1 1.5
w 256 288 192 288 0
w 256 16 192 16 0
R 240 64 64 64 0 1 80.0 2.5 2.5 0.0 0.5
R 240 224 64 224 0 3 40.0 2.5 2.5 0.0 0.5
w 272 64 368 64 0
w 272 224 368 224 0
w 368 64 368 224 0
r 368 224 368 304 0 1000.0
g 368 304 368 336 0
O 368 224 432 224 0
w 256 112 256 176 0
w 192 288 192 176 0
w 192 176 192 16 0
I 192 176 256 176 0 0.5
L 192 288 64 288 0 1 false 5.0 0.0
x 43 319 88 323 0 16 select
o 13 64 0 34 5.0 9.765625E-5 0 -1
