$ 17 5.0E-6 10.8 50 5.0
r 112 160 208 112 0 100.0
r 208 112 224 208 0 100.0
r 224 208 320 160 0 200.0
r 208 112 288 128 0 100.0
r 304 64 288 128 0 100.0
v 288 128 384 112 0 0 40.0 5.0 0.0
v 320 160 320 240 0 0 40.0 5.0 0.0
v 112 160 128 224 0 0 40.0 5.0 0.0
v 304 64 224 48 0 0 40.0 5.0 0.0
v 224 208 224 272 0 0 40.0 5.0 0.0
r 224 272 304 288 0 200.0
r 128 224 64 272 0 400.0
r 384 112 448 176 0 100.0
r 320 240 384 256 0 100.0
r 224 48 112 64 0 1000.0
v 112 64 208 112 0 0 40.0 5.0 0.0
v 64 272 224 272 0 0 40.0 2.0 0.0
v 304 288 384 256 0 0 40.0 5.0 0.0
r 448 176 384 256 0 100.0
r 320 160 384 112 0 100.0
r 112 64 112 160 0 100.0
w 64 272 64 16 0
w 448 16 448 176 0
g 448 176 448 240 0
g 384 384 384 400 0
r 128 384 384 384 0 117.784267
i 128 352 384 352 0 0.02383663
w 384 320 384 352 0
w 384 352 384 384 0
w 128 352 128 384 0
w 128 320 128 352 0
v 64 16 448 16 0 1 40.0 5.0 0.0
v 128 320 384 320 0 1 40.0 5.0 0.0
o 31 64 0 3 5.0 0.1
o 32 64 0 3 5.0 0.1
