$ 1 5.0E-6 10.20027730826997 50 5.0 50
r 192 160 192 208 0 10000.0
g 192 272 192 288 0
a 240 224 336 224 1 15.0 -15.0 1000000.0
w 240 208 192 208 0
w 192 160 320 160 0
w 336 192 336 224 0
w 352 160 416 160 1
w 240 240 240 272 0
w 240 272 416 272 0
r 416 160 416 272 0 470.0
r 416 272 416 336 0 470.0
g 416 336 416 352 0
w 416 160 544 160 2
t 336 192 336 160 1 1 0.47225771069311584 0.6621194688210963 100.0
v 560 240 560 176 0 5 60.0 6.0 2.5 0.0 0.5
w 560 240 560 272 1
g 560 272 560 288 0
z 192 272 192 208 1 0.805904783 6.14
x 502 319 631 323 0 18 Simulated load
x 519 332 614 335 0 12 Variable Current
x 436 142 518 145 0 12 Stable Voltage
R 80 160 80 256 0 3 120.0 2.0 16.0 0.0 0.5
x 40 294 142 298 0 18 Variable V/I
174 544 160 576 176 0 1000.0 0.5 Load Current
r 80 160 192 160 0 100.0
o 21 64 0 35 20.0 0.05 0 -1 input
o 12 64 0 35 20.0 0.025 1 -1 regulated
o 14 64 0 35 10.0 0.025 2 -1 load
