$ 1 5.0E-6 10 50 5.0
a 128 144 256 144 1
a 304 160 432 160 1
d 256 144 272 144 0
w 272 144 304 144 0
w 304 176 304 208 0
w 304 208 432 208 0
w 432 208 432 160 0
w 128 160 128 192 0
w 272 144 272 192 0
c 272 192 272 288 0 1.0E-5 0.0026623988117427983
g 272 288 272 320 0
g 32 288 32 320 0
w 128 64 128 128 0
v 32 288 32 176 0 1 40.0 5.0 0.0
v 32 176 32 64 0 1 110.0 3.0 0.0
w 128 192 224 192 0
w 224 192 272 192 0
s 224 192 224 288 0 true true
r 224 288 272 288 0 10.0
w 32 64 80 64 0
w 80 64 128 64 0
p 80 64 80 288 0
w 32 288 80 288 0
O 432 160 480 160 0
x 161 247 177 247 0 20 reset
o 21 32 0 2 10.0 9.765625E-5 0 input
o 23 64 0 2 10.0 9.765625E-5 1 peak
