$ 1 5.0E-6 10 53 5.0
155 128 96 144 96 2 0.0
155 128 256 160 256 2 0.0
w 224 96 400 96 0
w 400 96 400 192 0
w 224 256 400 256 0
w 400 256 400 224 0
f 400 256 464 256 4
f 416 160 464 160 5
w 224 160 416 160 0
w 464 176 464 208 0
w 464 208 464 240 0
g 464 272 464 320 0
R 464 144 464 80 0 0 40.0 5.0 0.0
R 128 128 48 128 0 2 120.0 2.5 2.5
R 128 288 48 288 0 2 115.0 2.5 2.5
R 128 96 96 96 0 0 40.0 5.0 0.0
R 128 256 96 256 0 0 40.0 5.0 0.0
w 128 208 128 160 0
w 304 208 304 352 0
w 304 352 128 352 0
w 128 352 128 320 0
w 464 208 528 208 0
r 528 208 528 144 0 1000.0
r 528 208 528 272 0 1000.0
R 528 144 528 80 0 0 40.0 5.0 0.0
g 528 272 528 320 0
O 528 208 576 208 0
w 128 208 304 208 0
150 400 208 304 208 0 2 0.0
o 13 64 0 6 5.0 9.765625E-5 0
o 14 64 0 6 5.0 9.765625E-5 0
o 26 64 0 6 5.0 9.765625E-5 0
