$ 1 5.0E-6 15 64 5.0
158 416 208 448 208 0
c 512 208 512 240 0 1.0E-8 0
r 512 272 576 272 0 30000.0
r 512 304 576 304 0 1000000.0
w 576 272 576 304 0
g 576 304 576 336 0
R 128 160 64 160 0 2 970.0 2.5 2.5
w 128 192 128 304 0
w 128 304 416 304 0
g 304 240 304 272 0
w 416 176 416 208 0
O 128 304 80 304 0
a 336 112 416 112 1 15.0 -15.0
w 304 96 336 96 0
w 336 128 336 176 0
w 336 176 416 176 0
w 416 176 416 112 0
161 128 160 176 160 0
r 224 160 304 160 0 2000.0
w 304 96 304 160 0
c 304 160 304 192 0 9.999999999999999E-6 0
r 304 192 304 240 0 1000.0
o 6 16 0 14 5.0 4.8828125E-5 0
o 11 16 0 14 5.0 9.765625E-5 0
o 20 64 0 3 5.0 0.0025 1
