$ 1 5.0E-6 10.812258501325767 43 10.0 42
t 256 192 320 192 0 1 -12.21942316756332 -0.7012139808257767
t 256 288 320 288 0 -1 7.780576832436679 -0.7012139808257767
w 320 208 320 240 0
w 320 240 320 272 0
w 320 304 320 352 0
R 256 240 192 240 0 1 40.0 5.0 0.0 0.0 0.5
w 320 128 320 176 0
R 320 128 320 80 0 0 40.0 10.0 0.0 0.0 0.5
R 320 352 320 400 0 0 40.0 -10.0 0.0 0.0 0.5
w 320 240 400 240 0
r 400 240 400 352 0 10.0
g 400 352 400 384 0
O 400 240 448 240 0
w 256 240 256 288 0
w 256 192 256 240 0
o 5 64 0 34 6.0 0.003125 0 -1
o 12 64 0 34 6.0 4.8828125E-5 1 -1
