$ 1 1.0E-4 0.37936678946831776 42 5.0 50
178 112 352 176 352 0 3 0.02 -0.246374098463728 0.05 1000000.0 0.02 20.0
178 112 128 176 128 0 2 0.02 0.008998074798403165 0.05 1000000.0 0.02 20.0
R 176 64 208 64 0 0 40.0 6.0 0.0 0.0 0.5
w 176 112 192 112 0
w 192 112 192 368 0
w 192 368 176 368 0
w 176 96 208 96 0
g 208 96 208 112 0
w 176 144 176 192 0
w 176 192 112 192 0
w 112 192 112 176 0
w 112 160 96 160 0
w 96 256 112 256 0
w 176 368 176 416 0
w 176 416 112 416 0
w 112 416 112 400 0
w 112 384 80 384 0
g 80 432 80 448 0
w 112 304 80 304 0
w 80 304 80 48 0
w 80 48 240 48 0
w 240 48 240 80 0
w 112 192 64 192 0
w 64 192 64 352 0
w 64 352 112 352 0
w 240 128 240 320 0
w 176 320 240 320 0
w 176 272 224 272 0
162 224 384 224 432 1 2.1024259 1.0 0.0 0.0
g 224 432 224 448 0
R 112 256 112 288 0 0 40.0 6.0 0.0 0.0 0.5
w 224 272 224 304 0
r 224 304 224 384 0 100.0
r 432 304 432 384 0 100.0
w 432 272 432 304 0
R 320 256 320 288 0 0 40.0 6.0 0.0 0.0 0.5
g 432 432 432 448 0
162 432 384 432 432 1 2.1024259 1.0 0.0 0.0
w 384 272 432 272 0
w 384 320 448 320 0
w 448 128 448 320 0
w 496 128 448 128 0
w 272 352 320 352 0
w 272 192 272 352 0
w 320 192 272 192 0
w 496 48 496 80 0
w 288 48 496 48 0
w 288 304 288 48 0
w 320 304 288 304 0
g 288 432 288 448 0
w 320 384 288 384 0
w 320 416 320 400 0
w 384 416 320 416 0
w 384 368 384 416 0
w 304 256 320 256 0
w 320 160 304 160 0
w 320 192 320 176 0
w 384 192 320 192 0
w 384 144 384 192 0
g 416 96 416 112 0
w 384 96 416 96 0
w 400 368 384 368 0
w 400 112 400 368 0
w 384 112 400 112 0
R 384 64 416 64 0 0 40.0 6.0 0.0 0.0 0.5
178 320 128 384 128 0 2 0.02 0.0012317989769374195 0.05 1000000.0 0.02 20.0
178 320 352 384 352 0 3 0.02 -0.24971375659971373 0.05 1000000.0 0.02 20.0
w 240 80 320 80 0
w 240 128 320 128 0
r 656 304 656 384 0 100.0
w 656 272 656 304 0
R 544 256 544 288 0 0 40.0 6.0 0.0 0.0 0.5
g 656 432 656 448 0
162 656 384 656 432 1 2.1024259 1.0 0.0 0.0
w 608 272 656 272 0
w 496 352 544 352 0
w 496 192 496 352 0
w 544 192 496 192 0
w 544 304 512 304 0
g 512 432 512 448 0
w 544 384 512 384 0
w 544 416 544 400 0
w 608 416 544 416 0
w 608 368 608 416 0
w 528 256 544 256 0
w 544 160 528 160 0
w 544 192 544 176 0
w 608 192 544 192 0
w 608 144 608 192 0
g 640 96 640 112 0
w 608 96 640 96 0
w 624 368 608 368 0
w 624 112 624 368 0
w 608 112 624 112 0
R 608 64 640 64 0 0 40.0 6.0 0.0 0.0 0.5
178 544 128 608 128 0 2 0.02 0.001168923898353853 0.05 1000000.0 0.02 20.0
178 544 352 608 352 0 3 0.02 -0.24487149798797075 0.05 1000000.0 0.02 20.0
w 496 80 544 80 0
w 496 128 544 128 0
w 112 80 112 64 0
w 112 64 48 64 0
w 112 128 48 128 0
159 48 64 48 128 0 1.0 1.0E10
R 32 96 32 16 1 2 25.0 2.5 2.5 0.0 0.5
w 96 160 96 256 0
w 304 160 304 256 0
w 528 160 528 256 0
w 80 384 80 432 0
w 288 384 288 432 0
w 512 384 512 432 0
o 73 8 0 37 2.3384026197294445 0.046768052394588894 0 -1
o 37 8 0 37 2.187250724783012 0.04374501449566024 0 -1
o 28 8 0 37 2.3384026197294445 0.046768052394588894 0 -1
