$ 1 5.0E-6 10.20027730826997 44 5.0 50
178 160 176 240 176 0 1 0.1 8.400979594570726E-14 0.05 1000000.0 0.02 50.0
178 304 176 384 176 0 1 0.1 2.3377800273993248E-7 0.05 1000000.0 0.02 50.0
178 448 176 528 176 0 1 0.1 1.5717284793725733E-19 0.05 1000000.0 0.02 50.0
R 160 176 112 176 0 0 40.0 5.0 0.0 0.0 0.5
w 240 192 304 192 0
w 304 176 304 192 0
w 384 192 448 192 0
w 448 176 448 192 0
g 160 224 160 256 0
g 304 224 304 256 0
g 448 224 448 256 0
w 160 208 128 208 0
w 304 208 272 208 0
w 448 208 416 208 0
L 128 208 128 288 0 0 false 5.0 0.0
L 272 208 272 288 0 0 false 5.0 0.0
L 416 208 416 288 0 0 false 5.0 0.0
M 528 192 576 192 0 2.5
r 528 192 528 272 0 100.0
g 528 272 528 288 0
