$ 1 5.0E-6 10 50 5.0
v 96 368 96 48 0 0 40.0 5.0 0.0
w 96 48 192 48 1
w 192 48 288 48 0
w 288 48 384 48 0
s 192 48 192 128 0 false false
s 288 48 288 128 0 true false
s 384 48 384 128 0 false false
r 192 128 192 192 0 100.0
r 288 128 288 192 0 400.0
r 384 128 384 192 0 800.0
w 192 192 288 192 0
w 288 192 384 192 0
w 288 224 288 192 0
w 288 224 384 224 0
w 288 224 192 224 0
s 288 224 288 304 0 false false
s 192 224 192 304 0 true false
r 192 304 192 368 0 600.0
r 288 304 288 368 0 200.0
s 384 224 384 368 0 true false
w 96 368 192 368 0
w 192 368 288 368 0
w 288 368 384 368 0
