$ 17 5.0E-6 1.7725424121461644 41 3.0 50
d 272 176 320 128 1 0.805904783
d 320 128 368 176 1 0.805904783
d 368 176 320 224 1 0.805904783
d 320 224 272 176 1 0.805904783
169 144 144 208 144 0 0.1 1.0 0.36188085234266 -0.10938222138187827
w 208 144 208 128 0
169 496 208 432 208 0 0.1 1.0 -0.33106614006595897 0.01591880270109881
w 368 144 368 176 0
w 432 208 432 256 0
w 272 256 272 176 0
w 272 256 432 256 0
w 432 144 368 144 0
w 208 128 320 128 0
w 208 208 208 224 0
w 208 224 320 224 0
w 208 176 240 176 0
w 240 176 240 288 0
w 240 288 288 288 0
w 432 176 400 176 0
w 400 176 400 288 0
w 400 288 336 288 0
v 528 144 528 208 0 1 300.0 2.4 0.0 0.0 0.5
v 112 144 112 208 0 1 200.0 2.0 0.0 0.0 0.5
w 288 288 288 336 0
w 336 288 336 336 0
r 288 336 336 336 0 1.0
w 496 208 528 208 0
w 496 144 528 144 0
w 112 208 144 208 0
w 112 144 144 144 0
r 400 288 432 256 0 1000.0
g 528 208 528 224 0
g 112 208 112 224 0
g 208 224 208 240 0
o 21 8 0 38 2.5 0.4 0 -1
o 22 8 0 38 2.5 0.4 0 -1
o 25 8 0 38 1.0229345649675443 0.6546781215792284 1 -1
