$ 1 5.0E-6 10 52 5.0
t 176 208 224 208 0 1 0.638186904488133 0.6478945398932158
t 272 208 320 208 0 1 -0.00970763539752057 7.562178340717264E-12
t 368 208 416 208 0 1 -0.00970763539752057 7.562178340717264E-12
w 224 160 224 192 0
w 320 160 320 192 0
w 224 160 320 160 0
w 320 160 416 160 0
w 416 160 416 192 0
r 176 208 176 272 0 470.0
r 272 208 272 272 0 470.0
r 368 208 368 272 0 470.0
L 176 272 176 304 0 false false 3.6 0.0
L 272 272 272 304 0 true false 3.6 0.0
L 368 272 368 304 0 true false 3.6 0.0
w 224 224 224 336 0
w 320 224 320 336 0
w 416 224 416 336 0
w 416 336 320 336 0
w 320 336 224 336 0
r 416 160 416 64 0 640.0
g 416 336 416 368 0
R 416 64 352 64 0 0 40.0 3.6 0.0
M 416 160 464 160 0
