$ 1 5.0E-6 10 74 5.0 81
f 192 112 192 160 1
f 192 224 192 160 0
w 192 112 256 112 0
w 256 112 256 224 0
I 192 224 256 224 0 0.5
L 192 224 192 304 0 true true 5.0 0.0
w 208 160 304 160 0
c 304 160 304 256 0 1.0E-7 1.9962454782690886
g 304 256 304 304 0
a 352 160 464 160 1 15.0 -15.0
w 304 160 304 144 0
w 304 144 352 144 0
w 352 176 352 224 0
w 352 224 464 224 0
w 464 224 464 160 0
O 464 160 512 160 0
R 144 160 96 160 0 1 40.0 2.5 2.5
w 144 160 176 160 0
x 157 341 173 341 0 20 sample
o 16 64 0 2 6.0 9.765625E-5 0
o 15 64 0 2 6.0 9.765625E-5 1
