$ 1 5.0E-6 10.812258501325767 53 15.0 50
a 80 128 192 128 0 15.0 -15.0
w 80 112 32 112 0
w 80 144 80 208 0
a 304 144 416 144 0 15.0 -15.0
w 416 208 416 144 0
w 416 144 416 80 0
c 304 80 416 80 0 2.0E-6 -9.423018815839887
w 304 80 304 128 0
r 192 128 304 128 0 1000.0
g 304 160 304 176 0
O 416 144 480 144 0
w 80 112 80 48 0
c 80 48 192 48 0 2.0E-6 10.648649139047
w 192 48 192 128 0
r 80 208 192 208 0 1000.0
w 192 208 416 208 0
c 80 208 80 272 0 2.0E-6 -1.201945379750099
g 80 272 80 304 0
r 32 112 32 192 0 996.0
g 32 192 32 224 0
O 192 48 256 48 0
o 20 64 0 42 20.0 9.765625E-5 0 -1
o 10 64 0 34 20.0 9.765625E-5 0 -1
