$ 1 1.9999999999999998E-5 13.097415321081861 66 2000.0 50
r 160 144 256 144 0 4000000.0
c 256 144 256 256 0 2.4E-8 0
r 256 144 352 144 0 1000000.0
r 256 256 352 256 0 1000000.0
c 352 256 352 144 0 2.4E-8 0
r 352 144 448 144 0 1000000.0
r 352 256 448 256 0 1000000.0
c 448 256 448 144 0 2.4E-8 0
187 256 144 352 256 0 1000.0 1.0E9 4000.0 0.0015
187 352 144 448 256 0 1000.0 1.0E9 4000.0 0.0010
187 704 144 704 208 0 1000.0 1.0E9 11000.0 0.0010
g 704 288 704 320 0
R 160 144 128 144 0 0 40.0 5000.0 0.0 0.0 0.5
w 256 256 208 256 0
g 208 256 208 320 0
c 352 256 352 304 2 1.0E-11 0
c 448 256 448 304 2 1.0E-11 0
g 352 304 352 320 0
g 448 304 448 320 0
g 640 304 640 320 0
g 544 304 544 320 0
c 640 256 640 304 2 1.0E-11 0
c 544 256 544 304 2 1.0E-11 0
187 544 144 640 256 0 1000.0 1.0E9 4000.0 0.0010
187 448 144 544 256 0 1000.0 1.0E9 4000.0 0.0010
c 640 256 640 144 0 2.4E-8 0
r 544 256 640 256 0 1000000.0
r 544 144 640 144 0 1000000.0
c 544 256 544 144 0 2.4E-8 0
r 448 256 544 256 0 1000000.0
r 448 144 544 144 0 1000000.0
w 640 144 704 144 0
r 704 208 704 288 0 2000000.0
o 8 64 0 35 5120.0 9.765625E-5 0 -1
o 9 64 0 35 10240.0 9.765625E-5 1 -1
o 24 64 0 35 5120.0 9.765625E-5 2 -1
o 23 64 0 35 10240.0 9.765625E-5 3 -1
o 32 64 0 35 40.0 9.765625E-5 4 -1
