$ 1 5.0E-6 17.50203994009402 50 5.0 50
159 160 176 256 176 0
159 256 176 352 176 0
c 352 176 352 240 0 4.876999999999999E-6 0
w 352 176 416 176 0
a 416 192 512 192 1 15.0 -15.0
w 416 208 416 240 0
w 416 240 512 240 0
w 512 240 512 192 0
O 512 192 576 192 0
g 256 240 256 256 0
g 352 240 352 256 0
w 304 192 304 288 0
I 208 288 304 288 0 0.5
w 208 192 208 288 0
R 208 288 112 288 1 2 2000.0 2.5 2.5 0.0 0.5
c 256 240 256 176 0 9.5123E-5 0
p 160 176 160 240 0
g 160 240 160 256 0
170 160 176 112 176 3 10.0 400.0 5.0 0.2
o 16 64 0 34 5.0 9.765625E-5 0 -1
o 8 64 0 34 5.0 4.8828125E-5 1 -1
