$ 1 5.0E-13 11.708435524800691 50 5.0 50
170 64 80 32 80 2 2.0E9 8.0E9 5.0 1.0E-8
171 144 176 256 176 0 3.125E-11 64.9 48 0.0
171 144 80 256 80 0 3.125E-11 217.5 48 0.0
w 128 128 128 224 0
w 128 224 144 224 0
w 128 128 144 128 0
171 304 80 400 80 0 3.125E-11 217.5 48 0.0
171 304 176 400 176 0 3.125E-11 70.3 48 0.0
171 448 176 544 176 0 3.125E-11 64.9 48 0.0
w 256 80 272 80 0
w 272 80 272 176 0
w 272 176 304 176 0
w 256 128 288 128 0
w 288 128 288 224 0
w 288 224 304 224 0
w 272 80 304 80 0
w 288 128 304 128 0
w 400 80 416 80 0
w 416 80 416 176 0
w 416 176 448 176 0
w 400 128 432 128 0
w 432 128 432 224 0
w 432 224 448 224 0
g 256 224 256 240 0
g 400 224 400 240 0
g 544 224 544 240 0
w 416 80 464 80 0
w 432 128 464 128 0
r 464 80 464 128 0 50.0
g 256 128 256 144 0
g 144 224 144 240 0
r 64 80 112 80 0 50.0
w 112 80 112 176 0
w 112 176 144 176 0
w 112 80 144 80 0
o 28 64 0 35 5.0 0.1 0 -1
