$ 1 1.0E-11 25.237822143832553 52 4.0 50
171 128 128 256 128 0 2.0E-8 75.0 64 0.0
171 400 128 528 128 0 2.0E-8 300.0 64 0.0
r 128 128 80 128 0 75.0
w 80 192 128 192 0
w 528 128 560 128 0
w 528 192 560 192 0
r 560 128 560 192 0 300.0
v 80 192 80 128 0 1 9.0E7 5.0 0.0 0.0 0.03
g 256 192 256 208 0
g 400 192 400 208 0
g 528 192 528 208 0
l 256 128 336 128 0 2.5E-7 -0.00932931614162717
c 336 128 336 192 0 1.06E-11 -4.843602086224591
w 336 192 400 192 0
w 336 128 400 128 0
v 80 256 80 320 0 1 9.0E7 5.0 0.0 0.0 0.5
r 80 256 128 256 0 75.0
w 80 320 128 320 0
171 128 256 256 256 0 2.0E-8 75.0 64 0.0
171 400 256 528 256 0 2.0E-8 300.0 64 0.0
w 256 256 400 256 0
w 256 320 400 320 0
w 528 256 560 256 0
w 528 320 560 320 0
g 256 320 256 336 0
g 528 320 528 336 0
g 128 192 128 208 0
g 128 320 128 336 0
r 560 256 560 320 0 300.0
o 6 64 1 51 0.15625 1.220703125E-5 0 -1 matched
o 28 64 1 51 0.15625 2.44140625E-5 1 -1 mismatched
