$ 1 1.0E-11 12.682493960703473 52 4.0 50
171 48 112 192 112 0 1.0E-8 75.0 64 0.0
r 48 112 0 112 0 75.0
w 0 176 48 176 0
w 464 112 496 112 0
w 464 176 496 176 0
r 496 112 496 176 0 300.0
v 0 176 0 112 0 1 1.0E8 5.0 0.0 0.0 0.03
g 192 176 192 192 0
v 0 240 0 304 0 1 1.0E8 5.0 0.0 0.0 0.5
r 0 240 48 240 0 75.0
w 0 304 48 304 0
171 48 240 192 240 0 1.17621E-8 75.0 64 0.0
w 464 240 496 240 0
w 464 304 496 304 0
g 192 304 192 320 0
g 48 176 48 192 0
g 48 304 48 320 0
r 496 240 496 304 0 300.0
w 192 112 192 32 0
w 192 32 208 32 0
w 192 176 208 176 0
w 208 176 208 96 0
w 192 112 224 112 0
w 208 176 224 176 0
g 336 96 336 112 0
171 224 112 288 112 0 1.7621000000000001E-9 75.0 64 0.0
g 288 176 288 192 0
171 208 32 336 32 0 3.4358E-9 75.0 64 0.0
171 304 112 464 112 0 1.0E-8 300.0 64 0.0
171 304 240 464 240 0 1.0E-8 300.0 64 0.0
w 288 176 304 176 0
w 288 112 304 112 0
w 192 240 304 240 0
w 192 304 304 304 0
g 464 304 464 320 0
g 464 176 464 192 0
o 5 64 1 51 0.15625 1.220703125E-5 0 -1 matched
o 17 64 1 51 0.15625 2.44140625E-5 1 -1 mismatched
