$ 1 5.0E-6 5.6 60 15.0 52
t 208 192 240 192 0 1 -12.552345476990716 0.5746836796974437
t 432 192 368 192 0 1 -5.407801804527631 0.5746836796974437
w 240 208 240 240 0
w 368 208 368 240 0
r 368 128 368 48 0 7500.0
w 240 48 368 48 0
R 240 48 208 48 0 0 40.0 15.0 0.0
R 208 192 160 192 0 1 40.0 4.0 0.0
R 496 192 528 192 0 1 40.0 4.0 0.0
p 432 192 432 256 0
g 432 256 432 288 0
w 368 128 368 176 0
w 240 48 240 176 0
O 368 128 448 128 0
x 186 174 202 174 0 14 in 1
x 409 175 425 175 0 14 in 2
w 240 240 304 240 0
w 304 240 368 240 0
t 256 288 304 288 0 1 -14.336812066191886 0.5922636176064682
w 304 240 304 272 1
w 304 368 256 368 0
r 256 288 256 368 0 2700.0
r 304 304 304 368 0 1000.0
r 256 288 176 288 0 13000.0
g 176 288 176 304 0
R 256 368 176 368 0 0 40.0 -15.0 0.0
v 432 192 496 192 0 5 300.0 0.4 0.0
o 7 32 0 2 0.15625 9.765625E-5 0
o 9 32 0 2 0.3125 9.765625E-5 0
o 13 32 0 2 20.0 9.765625E-5 1
