$ 1 4.9999999999999996E-6 10.20027730826997 60 6.0 50
a 160 224 272 224 0 15.0 -15.0 1000000.0
w 160 240 160 304 0
w 160 304 272 304 0
r 272 224 272 304 0 10000.0
a 384 240 496 240 0 15.0 -15.0 1000000.0
r 272 304 352 304 0 4000.0
w 352 304 496 304 0
w 496 304 496 240 0
w 496 240 496 176 0
c 384 176 496 176 0 1.0E-6 4.7736574744107685
w 384 176 384 224 0
r 272 224 384 224 0 10000.0
g 384 256 384 272 0
O 496 240 560 240 0
w 160 208 128 208 0
g 128 208 128 240 0
o 13 64 0 42 10.0 9.765625E-5 0 -1
