$ 1 5.0E-6 8.872897488127265 75 5.0 50
a 176 160 272 160 0 5.0 0.0
a 368 176 464 176 0 5.0 0.0
w 272 160 304 160 0
w 304 160 368 160 0
w 368 192 368 224 0
w 464 176 464 224 0
r 368 224 464 224 0 100000.0
r 368 224 368 288 0 100000.0
g 368 288 368 304 0
r 176 176 176 240 0 49900.0
g 176 240 176 256 0
w 176 144 176 96 0
w 176 144 144 144 0
r 144 144 64 144 0 100000.0
w 64 144 64 160 0
w 64 160 64 176 0
r 64 176 160 176 0 49900.0
w 160 176 176 176 0
w 144 144 144 272 0
r 144 272 144 320 0 49900.0
g 144 352 144 368 0
f 192 336 144 336 0
w 192 336 464 336 0
w 464 336 464 224 0
c 176 96 272 96 0 1.0E-8 -2.248578405619046
w 272 96 272 160 0
w 368 192 368 128 0
r 368 128 368 80 0 100000.0
R 368 80 416 80 0 0 40.0 5.0 0.0
R 64 160 32 160 0 4 10.0 2.0 3.0
O 464 176 512 176 0
O 304 160 304 48 0
o 29 64 0 2 5.0 9.765625E-5 0 control
o 30 32 0 2 10.0 4.8828125E-5 1
o 31 32 0 2 5.0 9.765625E-5 2
